timestamp,red_x,red_y,green_x,green_y
12817066,145.0,123.0,0,0
12859733,145.0,123.0,0,0
12876800,145.0,123.0,0,0
12928000,145.0,123.0,145.0,123.0
12970666,145.0,123.0,0,0
12987733,145.0,123.0,0,0
13030400,0,0,0,0
13047466,145.0,123.0,0,0
13064533,0,0,0,0
13141333,145.0,123.0,0,0
13158400,145.0,123.0,145.0,123.0
13201066,0,0,0,0
13201066,145.0,123.0,0,0
13243733,145.5,123.0,145.5,123.0
13286400,0,0,0,0
13329066,145.5,123.0,145.0,123.0
13346133,0,0,0,0
13388800,145.0,123.0,0,0
13414400,145.0,123.0,0,0
13457066,145.0,123.0,0,0
13474133,0,0,0,0
13516800,145.5,123.0,0,0
13568000,0,0,0,0
13585066,0,0,0,0
13627733,0,0,0,0
13644800,0,0,0,0
13687466,0,0,0,0
13738666,145.0,123.0,0,0
13755733,145.0,123.0,0,0
13798400,145.0,123.0,0,0
13841066,0,0,0,0
13841066,145.0,123.0,0,0
13883733,145.0,123.0,0,0
13926400,145.0,123.0,0,0
13969066,0,0,0,0
13986133,145.5,123.0,0,0
14011733,0,0,0,0
14028800,0,0,0,0
14080000,145.5,123.0,0,0
14114133,0,0,0,0
14156800,0,0,0,0
14173866,145.5,123.0,0,0
14225066,0,0,0,0
14250666,0,0,0,0
14284800,0,0,0,0
14310400,0,0,0,0
14344533,145.5,123.0,0,0
14378666,0,0,0,0
14421333,0,0,0,0
14455466,145.0,123.0,0,0
14481066,145.0,123.0,0,0
14523733,145.0,123.0,0,0
14566400,145.0,123.0,145.0,123.0
14583466,145.0,123.0,0,0
14626133,145.0,123.0,0,0
14651733,0,0,0,0
14694400,0,0,0,0
14720000,145.5,123.0,0,0
14754133,0,0,0,0
14779733,145.0,123.0,0,0
14796800,145.0,123.0,0,0
14865066,145.0,123.0,0,0
14890666,0,0,0,0
14924800,0,0,0,0
14967466,145.0,123.0,0,0
14984533,0,0,0,0
15018666,145.5,123.0,0,0
15078400,145.0,123.0,0,0
15095466,145.0,123.0,0,0
15121066,145.0,123.0,0,0
15138133,0,0,0,0
15189333,145.5,123.0,0,0
15206400,145.5,123.0,0,0
15249066,0,0,0,0
15291733,145.5,123.0,0,0
15308800,0,0,0,0
15360000,0,0,0,0
15394133,0,0,0,0
15419733,145.0,123.0,0,0
15453866,0,0,0,0
15488000,0,0,0,0
15530666,0,0,0,0
15547733,145.5,123.0,0,0
15590400,0,0,0,0
15607466,145.0,123.0,0,0
15658666,145.5,123.0,0,0
15675733,0,0,0,0
15718400,145.0,123.0,0,0
15761066,145.0,123.0,0,0
15803733,0,0,0,0
15829333,145.5,123.0,0,0
15863466,0,0,0,0
15889066,145.0,123.0,0,0
15931733,145.0,123.0,0,0
15948800,145.0,123.0,0,0
15974400,145.0,123.0,0,0
16017066,145.0,123.0,0,0
16059733,0,0,0,0
16076800,0,0,0,0
16093866,0,0,0,0
16170666,0,0,0,0
16187733,0,0,0,0
16247466,0,0,0,0
16247466,0,0,0,0
16264533,0,0,0,0
16315733,0,0,0,0
16358400,0,0,0,0
16375466,0,0,0,0
16418133,0,0,0,0
16443733,97.55223880597015,144.044776119403,0,0
16486400,98.11111111111111,143.7037037037037,0,0
16503466,98.11111111111111,143.7037037037037,0,0
16571733,98.5,144.0,0,0
16588800,0,0,0,0
16640000,0,0,0,0
16657066,0,0,0,0
16699733,0,0,0,0
16716800,146.0,122.0,0,0
16768000,145.9268292682927,122.4390243902439,0,0
16785066,146.17391304347825,122.17391304347827,0,0
16827733,147.0,122.5,0,0
16844800,148.0625,123.0625,0,0
16887466,0,0,0,0
16904533,0,0,0,0
16981333,0,0,0,0
16998400,0,0,0,0
17041066,0,0,0,0
17041066,0,0,0,0
17083733,158.0,128.0,158.0,128.0
17109333,0,0,0,0
17169066,0,0,0,0
17186133,161.57142857142858,129.57142857142858,0,0
17211733,162.0,130.0,0,0
17228800,162.0,130.0,0,0
17280000,162.0,130.0,0,0
17314133,0,0,0,0
17356800,162.0,129.0,0,0
17373866,162.0,129.0,0,0
17425066,0,0,0,0
17450666,128.71153846153845,141.89423076923077,161.57142857142858,128.57142857142858
17484800,112.48684210526316,148.5921052631579,0,0
17510400,112.36764705882354,149.0,0,0
17544533,111.93548387096774,148.9516129032258,0,0
17578666,111.37037037037037,149.0,0,0
17621333,110.92682926829268,148.4390243902439,114.0,148.0
17638400,110.0625,148.0625,0,0
17681066,109.56603773584905,147.9433962264151,0,0
17723733,109.56603773584905,147.9433962264151,0,0
17749333,109.86153846153846,147.35384615384615,0,0
17783466,109.61538461538461,147.0,110.66666666666667,150.0
17826133,109.60526315789474,146.5,108.9375,148.5625
17851733,109.96666666666667,145.95555555555555,109.18181818181819,149.63636363636363
17894400,89.02127659574468,103.70921985815603,0,0
17920000,63.1063829787234,63.82553191489362,0,0
17954133,57.12180746561886,35.56974459724951,0,0
17996800,65.16798941798942,32.75396825396825,38.5406976744186,6.180232558139535
17996800,77.35393258426966,46.76123595505618,54.012269938650306,19.895705521472394
18048000,89.60828625235405,62.53860640301318,68.5,34.0
18090666,99.70574162679426,64.57177033492823,90.07438016528926,80.86363636363636
18124800,109.21126760563381,89.9943661971831,97.78680203045685,83.11675126903553
18150400,118.33053221288516,97.68347338935574,105.19594594594595,77.32432432432432
18184533,127.59785522788204,103.51742627345844,114.7948717948718,89.16666666666667
18235733,136.72307692307692,119.02564102564102,126.18181818181819,95.52447552447552
18261333,147.2625,124.45,136.45714285714286,104.87619047619047
18295466,155.125786163522,132.93710691823898,143.92307692307693,113.52884615384616
18321066,162.04347826086956,139.2360248447205,150.20388349514562,121.3883495145631
18338133,171.56363636363636,146.2,154.61904761904762,129.96190476190475
18389333,177.2312925170068,151.60544217687075,161.7766990291262,138.28155339805826
18406400,185.46206896551723,159.42758620689656,168.6734693877551,145.55102040816325
18449066,195.31147540983608,169.0737704918033,175.55339805825244,152.04854368932038
18491733,203.6638655462185,176.42857142857142,181.9203539823009,159.00884955752213
18508800,203.66666666666666,177.00641025641025,188.87654320987653,167.06172839506172
18534400,215.23728813559322,186.45762711864407,196.2688172043011,173.5268817204301
18594133,219.3984375,191.4375,204.4102564102564,180.5
18619733,231.10743801652893,200.04132231404958,212.02564102564102,187.73076923076923
18653866,239.27027027027026,207.26126126126127,219.75280898876406,193.0
18688000,240.51612903225808,207.2516129032258,228.49122807017545,198.68421052631578
18730666,256.4845360824742,217.61855670103094,236.08333333333334,202.5952380952381
18747733,264.8173076923077,221.875,245.05263157894737,206.03947368421052
18790400,267.31944444444446,219.65277777777777,253.95,208.2
18807466,283.4,229.06315789473683,262.86746987951807,210.55421686746988
18858666,264.58677685950414,206.10743801652893,244.9009900990099,187.7029702970297
18875733,254.9787234042553,192.75177304964538,238.08461538461538,176.56153846153848
18918400,253.87857142857143,188.86428571428573,240.97857142857143,174.7357142857143
18935466,264.11347517730496,193.7659574468085,252.5211267605634,179.44366197183098
19003733,326.45054945054943,241.63736263736263,308.0813953488372,216.3953488372093
19029333,243.7783783783784,195.88108108108108,220.86708860759492,177.15822784810126
19063466,233.50282485875707,191.23728813559322,221.74117647058824,176.5235294117647
19089066,232.46470588235294,192.0529411764706,334.4130434782609,224.41304347826087
19131733,240.49418604651163,197.11627906976744,230.50595238095238,180.66666666666666
19148800,246.88888888888889,201.16666666666666,233.32544378698225,182.72781065088756
19200000,243.2662721893491,201.6153846153846,237.79881656804733,186.20710059171597
19217066,247.51176470588234,206.45294117647057,247.63636363636363,192.375
19259733,247.1987951807229,209.09036144578315,248.30409356725147,194.84795321637426
19276800,239.4516129032258,207.9741935483871,251.0529411764706,199.4
19293866,248.5625,216.2625,255.6094674556213,204.15384615384616
19345066,244.69934640522877,215.62745098039215,263.8103448275862,210.58620689655172
19404800,251.46540880503144,222.49056603773585,260.2874251497006,211.0239520958084
19430400,240.9795918367347,217.51700680272108,257.4375,211.4
19447466,255.9493670886076,229.28481012658227,261.90683229813664,215.80745341614906
19464533,262.37654320987656,236.28395061728395,271.622754491018,223.79640718562874
19515733,263.27950310559004,239.83229813664596,275.42261904761904,229.07738095238096
19558400,257.7142857142857,238.3116883116883,281.2046783625731,235.5438596491228
19601066,437.0,378.0,451.05128205128204,347.94871794871796
19601066,439.14864864864865,386.05405405405406,456.05128205128204,357.94871794871796
19643733,440.55555555555554,394.44444444444446,460.34939759036143,367.95180722891564
19686400,324.1965811965812,306.11965811965814,340.23333333333335,291.69166666666666
19703466,253.76712328767124,251.24657534246575,279.95625,253.2625
19746133,259.47712418300654,261.2549019607843,278.8074534161491,257.35403726708074
19788800,267.0496894409938,273.82608695652175,277.16875,262.4
19814400,247.66438356164383,261.43835616438355,276.01875,268.3375
19857066,246.4625850340136,266.4421768707483,276.6358024691358,276.2098765432099
19874133,243.06849315068493,268.541095890411,272.4875,279.79375
19916800,237.63815789473685,267.92763157894734,326.462962962963,341.50925925925924
19933866,220.1917098445596,234.7357512953368,236.19021739130434,243.5108695652174
19985066,218.94818652849742,238.52849740932643,247.05524861878453,257.30939226519337
20027733,215.48704663212436,237.93264248704662,304.13157894736844,316.4824561403509
20044800,209.94416243654823,234.8020304568528,314.4173913043478,336.8086956521739
20087466,211.3419689119171,239.79274611398964,344.56626506024094,400.4096385542169
20104533,208.328125,238.796875,219.26288659793815,244.96391752577318
20155733,212.23115577889448,247.321608040201,220.5,251.06060606060606
20198400,206.1958762886598,240.77319587628867,362.74626865671644,470.2238805970149
20241066,203.79274611398964,238.84455958549222,266.24545454545455,341.1545454545454
20241066,200.7788944723618,236.08040201005025,374.61290322580646,501.5
20309333,199.2211055276382,235.0753768844221,229.46323529411765,296.19117647058823
20326400,199.33160621761658,235.3678756476684,282.74257425742576,344.84158415841586
20343466,193.70149253731344,225.82089552238807,273.35897435897436,323.3162393162393
20386133,193.4834123222749,224.3601895734597,354.9384615384615,488.3538461538462
20411733,192.44497607655504,222.1196172248804,350.94029850746267,483.46268656716416
20428800,192.11483253588517,222.0622009569378,331.1818181818182,444.3484848484849
20480000,191.05714285714285,220.01904761904763,344.0,472.5
20514133,192.75,223.33796296296296,307.4805194805195,397.1168831168831
20556800,191.7674418604651,221.86976744186046,338.0,459.5
20573866,186.6952380952381,213.35238095238094,323.27777777777777,428.6111111111111
20625066,184.85185185185185,210.71759259259258,332.5,444.61290322580646
20667733,187.59803921568627,213.99019607843138,318.83561643835617,414.06849315068496
20684800,186.30243902439025,212.00487804878048,328.05405405405406,428.14864864864865
20727466,188.3397129186603,216.06698564593302,326.14864864864865,420.05405405405406
20744533,183.1818181818182,208.08612440191388,324.05797101449275,411.5507246376812
20778666,191.454128440367,220.43119266055047,321.94594594594594,403.14864864864865
20821333,187.5662100456621,215.4794520547945,319.5,396.0
20838400,183.9158878504673,210.26168224299064,294.44736842105266,362.2631578947368
20881066,180.22380952380954,205.0095238095238,249.63333333333333,267.175
20923733,179.95215311004785,204.78947368421052,252.55833333333334,274.53333333333336
20949333,180.91176470588235,206.08823529411765,246.42990654205607,298.8224299065421
20983466,178.95238095238096,203.4857142857143,296.2432432432432,367.05405405405406
21026133,179.9170731707317,205.3170731707317,292.9066666666667,365.0933333333333
21068800,180.55140186915887,208.18691588785046,289.8,364.1066666666667
21094400,179.2780487804878,205.35121951219512,286.05128205128204,364.05128205128204
21120000,177.57894736842104,204.22966507177034,282.987012987013,364.8961038961039
21154133,201.65942028985506,242.8804347826087,279.9605263157895,365.05263157894734
21179733,179.13145539906102,207.99530516431926,277.82608695652175,366.536231884058
21196800,181.45283018867926,214.79716981132074,240.4144144144144,285.6756756756757
21248000,177.5095238095238,205.51904761904763,274.463768115942,371.17391304347825
21290666,177.6256157635468,208.02463054187191,273.8857142857143,374.5
21324800,177.62436548223351,210.40609137055839,273.05797101449275,378.5507246376812
21350400,204.1875,254.09191176470588,254.71794871794873,353.9871794871795
21367466,182.3235294117647,219.05882352941177,273.0933333333333,386.9066666666667
21418666,180.52763819095478,215.44723618090453,274.5,391.5
21461333,183.14948453608247,219.00515463917526,274.7692307692308,391.10769230769233
21495466,185.08333333333334,222.82843137254903,259.72727272727275,368.6623376623377
21521066,180.20103092783506,213.4278350515464,281.05797101449275,403.5507246376812
21538133,184.7766990291262,219.41747572815535,283.44444444444446,407.55555555555554
21563733,183.77114427860695,218.55721393034827,286.05797101449275,411.5507246376812
21606400,184.93401015228426,220.1522842639594,252.75238095238095,326.6
21649066,187.10552763819095,223.58291457286433,292.0,420.0
21691733,190.1443298969072,227.35051546391753,295.05797101449275,424.4492753623188
21708800,187.58673469387756,222.70408163265307,262.8817204301075,344.0537634408602
21734400,223.03787878787878,286.3598484848485,281.4756097560976,401.3536585365854
21777066,190.09183673469389,225.71428571428572,306.11764705882354,439.5882352941176
21819733,194.22916666666666,231.328125,310.5,445.61290322580646
21853866,194.795,232.4,275.31182795698925,360.8709677419355
21888000,196.23383084577114,234.0,320.61290322580646,458.5
21930666,225.69117647058823,284.3492647058824,326.55555555555554,465.44444444444446
21947733,196.8279569892473,231.46774193548387,332.61290322580646,472.5
21990400,200.45744680851064,236.47340425531914,339.5,480.38709677419354
22007466,203.35858585858585,240.8939393939394,346.61290322580646,488.5
22058666,206.0985221674877,241.9408866995074,354.5,496.5
22075733,211.13541666666666,249.48958333333334,362.55737704918033,504.55737704918033
22118400,199.01020408163265,225.98469387755102,370.6166666666667,512.6
22135466,216.41666666666666,254.453125,379.38709677419354,520.5
22178133,202.8838383838384,228.55555555555554,387.33898305084745,528.3389830508474
22229333,211.69948186528498,245.2020725388601,395.0,536.0
22263466,212.7860696517413,241.62686567164178,403.43636363636364,543.0545454545454
22289066,214.095,241.925,411.5,550.5
22331733,220.0765306122449,248.33673469387756,419.8888888888889,557.5
22348800,239.0977011494253,287.0344827586207,299.7291666666667,343.1979166666667
22400000,223.4591836734694,252.30612244897958,436.0,570.3703703703703
22417066,226.74111675126903,252.67005076142132,444.44262295081967,576.4426229508197
22459733,237.48584905660377,267.0377358490566,452.45762711864404,581.5593220338983
22476800,234.63020833333334,261.921875,460.3703703703704,587.0
22493866,239.21052631578948,265.6363636363636,467.6296296296296,592.0
22545066,230.1095238095238,252.6952380952381,475.5,597.5
22587733,248.9900497512438,274.1393034825871,430.1111111111111,536.1428571428571
22630400,246.3221153846154,271.3701923076923,490.5,608.6129032258065
22647466,262.2922374429224,291.34703196347033,430.97297297297297,512.7027027027027
22664533,263.82547169811323,291.79245283018867,505.1641791044776,621.3582089552239
22715733,257.2926829268293,285.21463414634144,416.27659574468083,485.1595744680851
22758400,266.92857142857144,296.0190476190476,518.5555555555555,634.4444444444445
22775466,264.68518518518516,293.9212962962963,525.1176470588235,641.5882352941177
22818133,270.63592233009706,305.74271844660194,531.0579710144928,649.5507246376811
22843733,323.9418181818182,375.26181818181817,535.125,657.5178571428571
22886400,275.65,314.62,490.4078947368421,603.6842105263158
22906133,269.25,306.0416666666667,545.1578947368421,676.0526315789474
22946133,283.2,329.0190476190476,548.9487179487179,685.9487179487179
22971733,277.90291262135923,325.2669902912621,429.63963963963965,512.0900900900901
23040000,285.0181818181818,338.05454545454546,551.9473684210526,707.8421052631579
23057066,268.8258706467662,323.50248756218906,551.9090909090909,719.8961038961039
23099733,273.6320754716981,334.83490566037733,551.4470588235295,732.035294117647
23116800,278.70089285714283,347.45982142857144,549.0361445783133,744.5542168674699
23168000,279.86842105263156,356.87280701754383,546.3493975903615,757.9518072289156
23185066,278.71627906976744,367.1209302325581,543.0,771.5
23227733,271.36199095022624,365.5429864253394,539.3222222222222,785.6777777777778
23244800,284.3185840707965,398.95575221238937,533.964705882353,800.5529411764705
23287466,277.19718309859155,397.76056338028167,527.5888888888888,815.5888888888888
23304533,275.77314814814815,408.97222222222223,519.5222222222222,830.6888888888889
23355733,266.2681818181818,405.15909090909093,509.4148936170213,844.5851063829788
23381333,266.2488479262673,420.4147465437788,395.7368421052632,628.7593984962406
23441066,261.61290322580646,427.68202764976957,456.07,813.43
23441066,256.2096069868996,436.13100436681225,471.3152173913044,885.5760869565217
23483733,250.51082251082252,443.8051948051948,412.4403669724771,791.3394495412844
23526400,233.66521739130434,421.0782608695652,365.26666666666665,697.5851851851852
23569066,235.78297872340426,450.6127659574468,419.55555555555554,921.1414141414141
23586133,227.21304347826086,449.04347826086956,400.57,930.81
23611733,216.25892857142858,437.41964285714283,381.34313725490193,938.0
23628800,211.7579908675799,444.94520547945206,362.40425531914894,944.5
23680000,208.641592920354,460.0,342.59574468085106,949.5
23714133,200.12554112554113,452.38528138528136,323.5473684210526,952.5368421052632
23756800,195.93697478991598,461.92436974789916,305.58,952.91
23756800,188.35652173913044,447.46521739130435,280.85185185185185,905.1851851851852
23825066,188.3706896551724,470.51293103448273,257.35,883.49
23867733,180.2991452991453,444.7692307692308,254.36559139784947,943.4516129032259
23884800,175.1764705882353,433.51680672268907,241.34,936.82
23910400,183.2781954887218,517.6165413533835,229.7311827956989,928.5268817204301
23944533,174.65843621399176,459.06584362139915,220.42,919.09
23978666,172.0207468879668,429.72614107883817,203.77450980392157,840.2058823529412
24021333,165.63436123348018,382.3171806167401,205.33333333333334,858.9090909090909
24038400,168.52916666666667,408.2708333333333,205.01162790697674,887.3953488372093
24081066,168.68354430379748,401.8396624472574,204.04597701149424,875.448275862069
24098133,170.568,413.988,203.6701030927835,824.8556701030927
24149333,170.59583333333333,392.39166666666665,209.37362637362637,853.2857142857143
24183466,174.2983193277311,388.4579831932773,212.15384615384616,803.2637362637363
24209066,175.54435483870967,375.31854838709677,222.5529411764706,835.035294117647
24251733,178.47863247863248,367.0940170940171,231.6046511627907,827.9883720930233
24294400,180.6086956521739,358.1217391304348,241.64044943820224,821.629213483146
24320000,184.03463203463204,356.4155844155844,251.95,816.95
24354133,136.07236842105263,123.57894736842105,262.68888888888887,813.4777777777778
24379733,191.8646288209607,354.72052401746726,274.04819277108436,810.6506024096385
24413866,197.6150442477876,361.03982300884957,269.3763440860215,743.236559139785
24465066,202.15625,360.45535714285717,298.04819277108436,806.6506024096385
24490666,203.48017621145374,351.72246696035245,310.60714285714283,806.0
24524800,207.6986899563319,352.7292576419214,322.9166666666667,804.4047619047619
24550400,213.04621848739495,357.5840336134454,333.94871794871796,800.0512820512821
24567466,217.17567567567568,354.35135135135135,345.0,794.3928571428571
24584533,222.9099099099099,359.22972972972974,356.8641975308642,789.5555555555555
24661333,224.09375,352.6294642857143,368.0,784.3928571428571
24695466,228.23111111111112,349.1377777777778,352.632183908046,711.4367816091954
24721066,237.88636363636363,357.93636363636364,393.1707317073171,771.5
24738133,238.26222222222222,347.12888888888887,405.94871794871796,764.0512820512821
24789333,243.34722222222223,343.912037037037,418.0,757.0
24806400,255.20454545454547,359.9909090909091,428.94871794871796,749.9487179487179
24849066,258.26605504587155,355.13761467889907,437.55555555555554,746.1358024691358
24891733,259.125,347.7932692307692,446.0352941176471,743.4470588235295
24908800,263.4761904761905,347.0238095238095,322.2608695652174,500.22463768115944
24934400,268.4864864864865,346.65315315315314,464.0,725.8987341772151
24977066,273.75,347.0954545454546,471.0,708.1012658227849
24994133,256.5327102803738,318.23364485981307,469.65060240963857,692.0481927710844
25053866,256.6105769230769,316.40865384615387,467.55555555555554,679.8641975308642
25088000,264.4695652173913,331.89130434782606,463.8857142857143,667.5
25130666,242.79601990049753,297.1940298507463,458.9605263157895,656.9473684210526
25147733,234.05797101449275,287.768115942029,454.9066666666667,648.9066666666666
25190400,226.33168316831683,280.76237623762376,452.1917808219178,638.0
25207466,225.5169082125604,286.1256038647343,447.0,621.5
25258666,277.9527559055118,369.40157480314963,437.8723404255319,605.1063829787234
25275733,264.76153846153846,350.7846153846154,426.78,592.96
25318400,215.80310880829015,277.72020725388603,416.0,585.5
25361066,214.47738693467338,277.6884422110553,406.0,580.5
25361066,207.49479166666666,266.0416666666667,396.38709677419354,577.5
25403733,255.1969111969112,347.58301158301157,390.0,576.8648648648649
25463466,208.4559585492228,265.9015544041451,370.28125,542.90625
25489066,232.91387559808612,307.4401913875598,336.4146341463415,506.8658536585366
25531733,219.04245283018867,281.3443396226415,380.0,589.8082191780821
25548800,228.37313432835822,292.81094527363183,382.4117647058824,597.1176470588235
25574400,237.5072463768116,302.0676328502415,388.8933333333333,605.8
25617066,278.3462897526502,374.60070671378094,401.0933333333333,614.0933333333334
25659733,244.83018867924528,294.85849056603774,418.4567901234568,619.0493827160494
25676800,256.5091743119266,301.302752293578,438.0,619.8987341772151
25693866,259.0046296296296,292.9212962962963,460.0,617.3928571428571
25745066,274.125,298.90625,486.10752688172045,610.0
25770666,281.5462555066079,288.84140969162996,476.7669902912621,555.0970873786408
25804800,303.3015873015873,296.52777777777777,537.9134615384615,574.4230769230769
25847466,313.6823529411765,286.28627450980395,564.5,544.0
25864533,328.8515625,275.203125,589.5354330708661,502.61417322834643
25915733,350.1947565543071,264.5056179775281,579.255033557047,431.3020134228188
25958400,358.4866666666667,240.68333333333334,618.0314465408806,384.60377358490564
25975466,368.34169278996865,211.07523510971788,609.7485714285714,304.97714285714284
26018133,365.612188365651,173.86149584487535,572.6,208.95652173913044
26043733,330.46401985111663,132.05707196029778,500.9812734082397,113.89138576779027
26086400,285.1521739130435,96.40338164251207,406.6712802768166,37.25259515570934
26103466,230.3576017130621,79.08565310492506,294.83870967741933,2.7016129032258065
26146133,176.61194029850745,88.81094527363184,194.71375464684016,7.933085501858736
26171733,145.0778097982709,106.72334293948127,128.27522935779817,45.19724770642202
26214400,133.6551724137931,127.7398119122257,97.02906976744185,101.90697674418605
26257066,131.44897959183675,167.4625850340136,95.03731343283582,156.96268656716418
26299733,141.66442953020135,199.60402684563758,108.5982905982906,200.95726495726495
26316800,140.55045871559633,183.82110091743118,132.09166666666667,235.6
26333866,155.93436293436292,174.84169884169884,159.1,259.51
26385066,163.5731707317073,176.46747967479675,181.69791666666666,266.1770833333333
26427733,170.008,173.944,210.94871794871796,274.94871794871796
26444800,174.37426900584796,185.7953216374269,229.1358024691358,260.55555555555554
26487466,169.375,178.36904761904762,233.94594594594594,242.14864864864865
26504533,157.8918918918919,167.6891891891892,228.26984126984127,230.4126984126984
26538666,155.07236842105263,165.92105263157896,214.0958904109589,218.013698630137
26581333,149.1153846153846,160.32417582417582,192.94594594594594,198.04054054054055
26598400,114.0,131.5,165.55555555555554,169.44444444444446
26641066,0,0,139.14864864864865,129.94594594594594
26683733,115.05882352941177,131.45882352941177,0,0
26726400,83.73059360730593,56.78082191780822,0,0
26743466,115.11111111111111,131.2111111111111,0,0
26786133,115.05882352941177,131.45882352941177,119.0,131.0
26811733,115.08791208791209,131.16483516483515,0,0
26854400,115.02597402597402,131.0909090909091,115.0,135.0
26880000,115.05882352941177,131.45882352941177,0,0
26914133,114.55844155844156,131.45454545454547,0,0
26939733,0,0,0,0
26973866,0,0,0,0
27008000,0,0,0,0
27067733,166.0,113.0,0,0
27084800,166.5,112.5,166.0,113.0
27127466,0,0,0,0
27144533,0,0,0,0
27195733,0,0,0,0
27221333,0,0,0,0
27255466,0,0,0,0
27281066,0,0,0,0
27323733,0,0,0,0
27349333,0,0,0,0
27383466,0,0,0,0
27409066,0,0,0,0
27451733,0,0,0,0
27468800,230.55072463768116,10.44927536231884,0,0
27537066,0,0,0,0
27554133,0,0,0,0
27596800,0,0,0,0
27596800,0,0,0,0
27648000,0,0,0,0
27665066,0,0,0,0
27707733,0,0,0,0
27750400,0,0,0,0
27767466,0,0,0,0
27818666,0,0,0,0
27835733,0,0,0,0
27878400,177.0,110.0,0,0
27921066,0,0,0,0
27938133,0,0,0,0
27989333,0,0,0,0
28006400,0,0,0,0
28049066,0,0,0,0
28091733,0,0,0,0
28108800,0,0,0,0
28160000,0,0,0,0
28177066,0,0,0,0
28219733,179.0,115.0,0,0
28236800,0,0,0,0
28288000,0,0,0,0
28330666,184.0,117.0,0,0
28347733,0,0,0,0
28390400,189.0,118.0,0,0
28424533,191.5,118.5,191.0,119.0
28458666,0,0,0,0
28475733,196.5,120.0,0,0
28518400,0,0,0,0
28561066,0,0,0,0
28561066,204.0,123.5,0,0
28603733,205.5,125.0,0,0
28646400,207.0,127.0,0,0
28689066,207.5,129.0,0,0
28731733,208.5,131.0,0,0
28748800,209.5,133.5,0,0
28774400,0,0,0,0
28817066,211.0,135.0,0,0
28859733,211.5,134.0,0,0
28876800,0,0,0,0
28893866,0,0,0,0
28945066,0,0,0,0
28987733,208.5,133.0,0,0
29004800,207.0,133.0,0,0
29047466,204.42857142857142,133.42857142857142,0,0
29064533,0,0,0,0
29115733,199.42857142857142,132.42857142857142,199.0,132.0
29158400,197.0,132.0,0,0
29175466,195.57142857142858,131.57142857142858,0,0
29218133,195.0,131.0,0,0
29243733,194.5,131.0,0,0
29286400,193.57142857142858,130.57142857142858,0,0
29303800,193.42857142857142,129.57142857142858,0,0
29346133,192.5,128.5,0,0
29371733,191.57142857142858,126.57142857142857,0,0
29414400,190.57142857142858,124.57142857142857,0,0
29440000,190.5,122.5,193.0,125.0
29499733,190.0,121.0,0,0
29516800,189.57142857142858,119.57142857142857,0,0
29568000,190.0,118.5,0,0
29585066,189.5,117.5,0,0
29627733,189.5,116.5,0,0
29644800,189.42857142857142,116.42857142857143,0,0
29687466,189.0,116.0,0,0
29704533,189.0,116.0,0,0
29755733,189.5,116.0,0,0
29781333,189.5,116.0,0,0
29815466,189.5,116.5,0,0
29841066,190.42857142857142,116.42857142857143,0,0
29883733,190.57142857142858,116.57142857142857,193.0,117.0
29926400,190.57142857142858,117.57142857142857,0,0
29969066,191.0731707317073,118.5609756097561,0,0
29986133,191.42857142857142,118.57142857142857,0,0
30011733,191.0,119.0,0,0
30028800,190.5,119.0,0,0
30080000,189.57142857142858,118.57142857142857,0,0
30114133,187.57142857142858,117.57142857142857,0,0
30139733,185.57142857142858,116.57142857142857,0,0
30173866,183.5,115.0,0,0
30208000,149.29166666666666,123.20833333333333,127.58064516129032,130.09677419354838
30250666,142.28205128205127,122.58974358974359,0,0
30284800,143.5,119.76923076923077,0,0
30310400,139.82178217821783,118.65346534653466,0,0
30344533,135.95294117647057,118.03529411764706,0,0
30378666,135.75,116.10416666666667,119.0754716981132,122.45283018867924
30421333,134.72173913043477,115.41739130434783,0,0
30455466,118.5421686746988,119.95180722891567,0,0
30481066,117.56,119.36,0,0
30523733,116.95180722891567,118.4578313253012,0,0
30549333,116.5,117.5,0,0
30586633,115.98809523809524,116.58333333333333,115.92857142857143,120.35714285714286
30609066,115.5,116.41025641025641,115.0,120.0
30651733,114.95555555555555,115.87777777777778,0,0
30668800,115.0,115.5,0,0
30737066,115.01190476190476,115.41666666666667,0,0
30754133,114.89024390243902,115.42682926829268,0,0
30796800,114.89024390243902,115.42682926829268,0,0
30796800,114.89024390243902,115.42682926829268,0,0
30848000,114.93181818181819,115.125,0,0
30890666,114.93181818181819,115.125,0,0
30924800,114.56,115.36,115.07692307692308,115.86538461538461
30950400,114.56,115.36,0,0
30967466,114.63235294117646,115.0,0,0
30984533,115.0,115.0,111.0,118.0
31035733,115.0625,115.0625,113.75,116.75
31078400,115.42857142857143,115.42857142857143,0,0
31121066,0,0,0,0
31138133,0,0,0,0
31189333,0,0,0,0
31206400,164.0,98.0,0,0
31249066,0,0,0,0
31266133,132.0,109.36363636363636,159.0,99.0
31308800,132.25,109.25,0,0
31334400,133.0,108.63636363636364,0,0
31377066,153.5,100.0,0,0
31419733,123.74647887323944,111.50704225352112,152.0,100.0
31436800,124.80263157894737,110.75,0,0
31488000,102.07317073170732,119.5609756097561,0,0
31547733,101.0,120.0,0,0
31564800,101.0,120.0,0,0
31590400,121.55696202531645,111.79746835443038,0,0
31607466,121.0,111.85714285714286,0,0
31658666,99.92682926829268,120.4390243902439,0,0
31701333,99.92682926829268,120.4390243902439,0,0
31718400,119.5,112.12790697674419,0,0
31761066,99.56363636363636,120.05454545454545,0,0
31761066,99.56363636363636,120.05454545454545,0,0
31803733,114.58333333333333,114.3452380952381,0,0
31846400,115.41025641025641,113.87179487179488,0,0
31889066,115.41025641025641,113.87179487179488,0,0
31948800,115.41025641025641,113.87179487179488,0,0
31974400,115.41025641025641,113.87179487179488,0,0
32000000,99.56603773584905,119.94339622641509,0,0
32017066,115.41025641025641,113.87179487179488,0,0
32059733,99.56363636363636,120.05454545454545,0,0
32076800,99.56603773584905,119.94339622641509,0,0
32093866,116.73972602739725,113.45205479452055,97.33333333333333,121.0
32145066,99.97619047619048,119.64285714285714,97.33333333333333,121.0
32170666,117.5,113.21428571428571,0,0
32204800,100.0,120.0,0,0
32247466,120.41666666666667,112.08333333333333,0,0
32264533,120.41666666666667,112.08333333333333,0,0
32358400,100.45098039215686,119.94117647058823,0,0
32375466,100.45098039215686,119.94117647058823,0,0
32401066,118.2439024390244,112.86585365853658,0,0
32418133,100.5,120.0,0,0
32443733,100.43636363636364,119.94545454545455,0,0
32486400,100.43636363636364,119.94545454545455,0,0
32503466,100.81666666666666,119.95,0,0
32546133,100.81666666666666,119.95,0,0
32571733,100.88135593220339,120.0,0,0
32614400,101.0,120.0,0,0
32640000,118.65625,112.86458333333333,0,0
32674133,101.0,120.0,0,0
32768000,118.8,112.82105263157895,0,0
32785066,118.8,112.82105263157895,0,0
32810666,101.06666666666666,119.95,0,0
32827733	101.01694915254237	119.89830508474576	105.0	120.0
32844800	101.01694915254237	119.89830508474576	0	0
32887466	100.94827586206897	119.94827586206897	0	0
32904533	100.56603773584905	119.94339622641509	0	0
32955733	116.08974358974359	113.55128205128206	0	0
32981333	118.07228915662651	112.91566265060241	0	0
33015466	120.0	112.18181818181819	97.0	120.0
33041066	100.61538461538461	120.0	0	0
33058133	117.66666666666667	113.05555555555556	0	0
33143466	121.57142857142857	111.42857142857143	0	0
33186133	121.57142857142857	111.42857142857143	0	0
33211733	101.0	120.0	0	0
33211733	101.0	120.0	0	0
33228800	121.0	111.66666666666667	0	0
33280000	121.0	111.66666666666667	0	0
