15040433
15046700
15047300
15047466
15047466
15049866
15722600
15722633
15723266
15723400
15724100
15724100
15724366
15724633
15724800
15727333
15728066
15735766
15735866
15735900
15736166
15736300
15736333
16815900
18845833
19237966
19417466
19417633
19417933
20288333
20288333
21675266
25561200
25562533
25620733
25620933
25621100
25621633
25622100
25622366
25622400
25622500
25622700
25622833
25622900
25623133
25623366
25623733
25623966
25624100
25624300
25624566
25624766
25625133
25625300
25635566
25636166
25638966
25885166
25885366
25885433
25885566
25885733
25887166
25887233
25887300
25887500
25887666
26595366
26599300
26785133
26785333
26785566
26785966
26786166
26786233
26789100
26790466
26790500
26797033
26797600
26797833
26802366
26802433
26806000
26809566
26809933
26810033
26812633
26816633
26816733
26827033
26827100
26832933
26838166
26838900
26848566
26851666
26852400
26880333
26880833
26881433
26882100
26889633
26895166
26895266
26895333
26895400
26895533
26895700
26895700
26895833
26896166
26898800
26899900
26911333
26911366
26911366
27120266
27179133
27179266
27179466
27179466
27179500
27179666
27179700
27179900
27180066
28655766
28670633
28670833
28730000
28805466
29533333
30097333
30178533
30181133
30214000
30214000
30214700
30229066
30230100
30231900
30249633
30270333
30270533
30270566
30270900
30271000
30271000
30271233
30466866
30501666
30502033
30525933
30533533
30534133
30534766
30536100
30540166
30540200
30540300
30540333
30540366
30540433
30540533
30556066
30556333
30556666
30556866
30557033
30557133
30557400
30557433
30557866
30558566
30572033
30572833
30572933
30573366
30574400
30614066
30853800
30853933
30854466
30855000
30855200
30855566
30929833
30930000
31528366
36945933
36952633
36952666
36955200
36958000
36958000
36958133
36958166
36958533
36958900
36959300
36959866
37186966
37420466
47224166
55446466
55756066
55916866
55917166
55948100
55954500
55954600
55954700
55954766
55955333
55955666
55957900
55963733
55963933
55964133
55964233
55964233
56066300
56069933
56070133
56070566
56070766
56316733
56363800
56364333
56366566
56946066
56946066
57016966
57023066
57023566
57023666
57028000
58864866
58865200
58865500
58865500
58865933
59174966
59441233
59441800
59441900
59453700
59453833
59759533
59759833
59899733
60367300
60650266
60650400
60650600
60650800
60650866
60651066
60651133
60651433
60651666
60652300
60652600
60652966
60653200
60655766
60656066
60658033
60658400
60658533
60658666
60659066
60659433
60686700
60686866
60749966
60749966
60750066
60750166
60750233
60750266
60750400
60750400
60750566
60750633
60750633
60750733
60750900
60750966
60751166
60751200
60751400
60751466
60751633
60751766
60751966
60752100
60752266
60752600
60762633
60762800
60766433
60803400
60803566
60803633
60803700
60803733
60803800
60803966
60804066
60804100
60804200
60804300
60804366
60804366
60804466
60804566
60804600
60857666
60857966
60858766
60861533
60862466
60864366
60864933
60865200
60865333
60914066
60914266
60914400
60914566
60914633
60914800
60915066
60915233
60915700
60915833
60916800
60917000
60917033
60917100
60917533
60918166
60918400
61029166
61188766
61719733
62487866
62495733
62495900
62495933
65080300
65097266
65097600
65097733
65097900
65097900
65102100
65102400
65102700
65102833
65102866
65102966
65103133
65103333
65103333
65103433
65103533
65103700
65132800
65132933
65133033
65133066
65133066
65136600
65137633
65316933
66375466
69593300
69596366
70482733
71983700
72000366
72644266
72644633
72644766
72662966
72683833
72767700
72768200
72768666
72896800
72896966
76515066
76517066
76517100
76517233
76519566
76667933
76668266
76671033
76671066
76671200
76674500
76674566
76674666
76714600
76722600
76722933
76723000
76723066
76723166
76723266
76723266
76725433
76725666
76737900
76737900
76737966
76737966
76738000
76738033
76738133
76740800
76752766
76752800
76752866
76947100
76962633
76962700
76962833
76962900
76963100
76967566
76967666
76967766
76967933
76967966
76968100
76974166
76974433
76974466
76974833
76975133
76977233
76977466
76978433
76978466
76978700
76997333
77008066
77008633
77008700
77008966
77009166
77009266
77010066
77011100
77011533
77011933
77014466
77014566
77014866
77015000
77015233
77015266
77015600
77472000
77472466
77472633
77473066
77473166
77473233
77473433
77473800
80763666
81147800
81663933
81663933
81694100
81737900
81771766
82736866
82736900
82885966
82886000
82900866
82900900
82900900
82929366
82930966
82931733
82931866
82942300
82943333
82943866
82947233
82947933
82948000
82948266
82948633
82961066
82961133
82961166
82961800
82961966
82962200
82962566
82963133
82975100
82975266
82975300
82975433
82975500
82975600
82975733
82975766
82975866
82976333
82976566
82976833
82977066
82977233
83035733
83079900
83469666
83471033
83471166
83471300
83471733
83471900
83472066
83472133
83479633
83484200
83528700
83543766
83737966
83831466
83914733
84121100
84131233
84186933
84243900
84247966
84281366
84287900
84314366
84348033
84349633
84350633
84820500
84820766
84820966
84821800
84822266
84822833
85450800
85450966
85451200
85451266
85451300
85597100
85597300
85604566
85610700
86296166
86373200
86392566
86392800
86394866
87177333
87177466
87177466
87177866
87177900
87178166
87178866
87711400
87712233
87712500
87712833
87713033
87714800
88085233
90838633
