15053633
15723933
19241100
19785933
20431600
20621433
20623566
20626233
20981833
20992266
25186933
25187266
25188033
25190233
25190833
25191400
25193033
25735833
25887466
26568900
26847666
28830266
29872033
29872333
29914333
29924633
30210666
30225100
30225466
30241266
30245333
30252600
30286600
30406733
30504833
30505233
30507100
30514433
30526466
30536566
30551700
30552166
30552666
30563000
30563000
30567866
30568366
30568633
30573100
30573100
30573766
30573766
30587033
30597866
30601466
30601933
30602666
30607200
30688900
30882966
30884166
30886800
30894966
30897266
30897866
30897866
30919200
30919600
30919966
30920766
30920800
30922433
30922600
30934633
30941366
30946900
30965133
30970166
31007433
32550533
36945233
36946866
37188866
37189166
37191700
37402000
37411266
37422666
37721933
37724766
37732900
39874933
39899833
40329466
40372666
40498766
40875666
40884933
40901600
41363333
42064666
42071900
42529900
42531566
42533866
42802600
42809866
42910000
43058200
43513900
43521566
43523100
43523366
43541600
43597333
43600033
43624000
45066433
45350700
45353000
45356466
45362266
45821766
45913633
45949733
46078133
46310566
46315400
46317733
46327633
46328033
46328266
46328733
46336866
47217100
55945166
55945400
55945700
56366266
56726033
56728000
56730633
56738866
56739366
56745333
56994500
57012900
57013000
57013533
57013766
57017300
57023966
57222266
57301533
57308600
57914300
57976766
58021266
58480766
58857300
58857500
58858466
58859366
58859933
58859966
58861000
58861600
58865300
58865366
58865400
58870900
58880166
58882366
58882733
58885500
58885866
58893966
58894066
58924666
59186366
59433066
59440200
59444133
59444933
59448033
59764000
59896866
59897400
59900900
59907000
59924800
60285000
60308400
60369233
60413666
60651633
60659766
60661300
60749500
60916200
61722900
61723666
62479566
62484100
62490500
62516700
63105566
63731633
63733033
64001633
64146933
64152300
64156266
64316100
64322600
64487233
64551000
64552866
64559533
64565933
65137766
65369533
65431500
65436300
66378300
66642166
66654100
66883733
66886333
67151200
68281733
69800966
69818433
69819133
70331500
70483300
70483433
70483800
70484033
71112866
72071000
72573166
72598700
72599000
72606233
72670600
72671066
72671566
72672200
72717400
72767300
74728400
74729566
75165666
75172566
75305133
75748500
75750333
76675700
76675933
76677733
76786566
76794933
76967866
76972566
76978200
76978333
76982166
77015000
77088300
77088900
77108166
77192133
77192566
77195433
77198366
77239600
80761366
80761400
81100166
81138600
81139233
81148200
81149133
81156533
81169433
81328400
81451600
81603900
81691700
81694500
81764966
81772200
82752866
82766700
83968233
84245666
84400900
84443100
85561466
85575133
85579733
85603900
85628300
85637133
85638933
85639200
85639700
86233466
86235600
86236366
86237633
86247466
86249066
86255766
87103133
87103766
87685666
87710933
87711433
87712100
87714966
87948966
87951266
88028766
88081633
88084733
88629400
