timestamp,red_x,red_y,green_x,green_y
5964800,101.04819277108433,119.6144578313253,104.5,119.5
5981866,101.04819277108433,119.6144578313253,101.04819277108433,119.6144578313253
6007466,112.14814814814815,115.07407407407408,112.14814814814815,115.07407407407408
6033066,100.98809523809524,119.58333333333333,106.0,119.5
6092800,101.04819277108433,119.6144578313253,101.04819277108433,119.6144578313253
6109866,101.10975609756098,119.57317073170732,101.10975609756098,119.57317073170732
6152533,100.98809523809524,119.58333333333333,0,0
6186666,101.04819277108433,119.6144578313253,101.04819277108433,119.6144578313253
6220800,101.04819277108433,119.6144578313253,105.85714285714286,119.85714285714286
6246400,101.04819277108433,119.6144578313253,106.0,119.0
6280533,101.04819277108433,119.6144578313253,101.04819277108433,119.6144578313253
6306133,101.10975609756098,119.57317073170732,101.10975609756098,119.57317073170732
6323200,100.98809523809524,119.58333333333333,100.75,119.125
6374400,112.14814814814815,115.07407407407408,112.14814814814815,115.07407407407408
6417066,101.10975609756098,119.57317073170732,105.14285714285714,120.0
6451200,101.04819277108433,119.6144578313253,101.04819277108433,119.6144578313253
6451200,100.67532467532467,119.6103896103896,101.04819277108433,119.6144578313253
6528000,101.10975609756098,119.57317073170732,101.10975609756098,119.57317073170732
6545066,100.98809523809524,119.58333333333333,0,0
6604800,101.04819277108433,119.6144578313253,105.85714285714286,119.85714285714286
6621866,101.10975609756098,119.57317073170732,103.25,122.75
6647466,101.04819277108433,119.6144578313253,101.04819277108433,119.6144578313253
6673066,101.04819277108433,119.6144578313253,106.0,122.0
6715733,100.68,119.53333333333333,101.10975609756098,119.57317073170732
6732800,101.04819277108433,119.6144578313253,101.04819277108433,119.6144578313253
6775466,101.04819277108433,119.6144578313253,105.71428571428571,119.0
6792533,101.10975609756098,119.57317073170732,99.62962962962963,120.18518518518519
6843733,112.14814814814815,115.07407407407408,138.71875,105.03125
6860800,101.04819277108433,119.6144578313253,101.04819277108433,119.6144578313253
6920533,101.10975609756098,119.57317073170732,105.0,123.0
6946133,100.98809523809524,119.58333333333333,147.26923076923077,100.88461538461539
6997333,100.98780487804878,119.58536585365853,105.125,120.25
7014400,101.10975609756098,119.57317073170732,105.0,123.0
7057066,100.47222222222223,119.75,101.04819277108433,119.6144578313253
7074133,101.04819277108433,119.6144578313253,101.04819277108433,119.6144578313253
7116800,101.10975609756098,119.57317073170732,101.10975609756098,119.57317073170732
7142400,101.04819277108433,119.6144578313253,106.0,122.0
7185066,101.04819277108433,119.6144578313253,101.04819277108433,119.6144578313253
7227733,101.10975609756098,119.57317073170732,112.29906542056075,115.0
7244800,101.10975609756098,119.57317073170732,101.10975609756098,119.57317073170732
7261866,100.44444444444444,119.68055555555556,101.04819277108433,119.6144578313253
7330133,112.14814814814815,115.07407407407408,149.0,100.0
7372800,101.04819277108433,119.6144578313253,101.04819277108433,119.6144578313253
7389866,101.04819277108433,119.6144578313253,106.0,119.0
7415466,101.10975609756098,119.57317073170732,101.10975609756098,119.57317073170732
7432533,100.61842105263158,119.57894736842105,101.04819277108433,119.6144578313253
7483733,101.04819277108433,119.6144578313253,105.83333333333333,118.5
7500800,101.10975609756098,119.57317073170732,101.10975609756098,119.57317073170732
7560533,101.04819277108433,119.6144578313253,101.04819277108433,119.6144578313253
7586133,112.14814814814815,115.07407407407408,112.14814814814815,115.07407407407408
7603200,101.04819277108433,119.6144578313253,104.5,118.38888888888889
7637333,101.04819277108433,119.6144578313253,105.0,120.0
7671466,112.29906542056075,115.0,112.29906542056075,115.0
7714133,101.10975609756098,119.57317073170732,101.10975609756098,119.57317073170732
7731200,102.1,118.98,101.04819277108433,119.6144578313253
7782400,101.10975609756098,119.57317073170732,101.10975609756098,119.57317073170732
7808000,101.04819277108433,119.6144578313253,105.85714285714286,120.0
7842133,101.04819277108433,119.6144578313253,105.0909090909091,119.72727272727273
7884800,101.10975609756098,119.57317073170732,105.75,120.25
7901866,101.04819277108433,119.6144578313253,105.5,122.5
7953066,101.04819277108433,119.6144578313253,101.04819277108433,119.6144578313253
7970133,100.98809523809524,119.58333333333333,104.5,122.5
8012800,101.10975609756098,119.57317073170732,104.5,123.0
8029866,112.14814814814815,115.07407407407408,140.6451612903226,103.7741935483871
8072533,101.10975609756098,119.57317073170732,101.10975609756098,119.57317073170732
8123733,101.10975609756098,119.57317073170732,0,0
8140800,101.04819277108433,119.6144578313253,101.04819277108433,119.6144578313253
8183466,101.10975609756098,119.57317073170732,101.10975609756098,119.57317073170732
8226133,101.04819277108433,119.6144578313253,105.16666666666667,119.5
8226133,101.04819277108433,119.6144578313253,101.04819277108433,119.6144578313253
8294400,101.04819277108433,119.6144578313253,105.0,119.70588235294117
8311466,100.65277777777777,119.86111111111111,101.04819277108433,119.6144578313253
8354133,101.04819277108433,119.6144578313253,105.85714285714286,120.0
8371200,101.0,119.5125,101.10975609756098,119.57317073170732
8396800,112.0,115.09174311926606,149.0,100.0
8422400,101.04819277108433,119.6144578313253,104.91666666666667,120.0
8465066,101.04819277108433,119.6144578313253,105.14285714285714,120.0
8524800,112.14814814814815,115.07407407407408,112.14814814814815,115.07407407407408
8541866,101.37179487179488,119.58974358974359,96.28571428571429,120.85714285714286
8567466,101.04819277108433,119.6144578313253,105.38461538461539,119.84615384615384
8610133,100.98809523809524,119.58333333333333,147.30769230769232,100.88461538461539
8635733,100.98809523809524,119.58333333333333,104.63636363636364,119.72727272727273
8669866,101.10975609756098,119.57317073170732,101.10975609756098,119.57317073170732
8695466,101.04819277108433,119.6144578313253,105.5,119.5
8746666,101.04819277108433,119.6144578313253,101.04819277108433,119.6144578313253
8763733,101.10975609756098,119.57317073170732,101.10975609756098,119.57317073170732
8806400,101.04819277108433,119.6144578313253,104.5,119.5
8823466,101.04819277108433,119.6144578313253,101.04819277108433,119.6144578313253
8866133,101.04938271604938,119.54320987654322,101.10975609756098,119.57317073170732
8917333,100.98809523809524,119.58333333333333,100.98809523809524,119.58333333333333
8951466,100.98809523809524,119.58333333333333,105.5,122.0
8977066,101.10975609756098,119.57317073170732,101.10975609756098,119.57317073170732
9011200,101.04819277108433,119.6144578313253,101.04819277108433,119.6144578313253
9062400,101.04819277108433,119.6144578313253,105.55555555555556,120.55555555555556
9088000,101.10975609756098,119.57317073170732,101.10975609756098,119.57317073170732
9122133,101.04819277108433,119.6144578313253,101.04819277108433,119.6144578313253
9147733,101.04819277108433,119.6144578313253,101.04819277108433,119.6144578313253
9181866,101.10975609756098,119.57317073170732,101.10975609756098,119.57317073170732
9207466,101.04819277108433,119.6144578313253,105.28571428571429,119.14285714285714
9250133,100.98809523809524,119.58333333333333,100.98809523809524,119.58333333333333
9275733,101.04819277108433,119.6144578313253,101.04819277108433,119.6144578313253
9309866,101.04819277108433,119.6144578313253,101.04819277108433,119.6144578313253
9335466,100.98809523809524,119.58333333333333,106.0,122.0
9386666,101.10975609756098,119.57317073170732,101.10975609756098,119.57317073170732
9420800,101.04819277108433,119.6144578313253,105.38461538461539,118.84615384615384
9463466,101.04819277108433,119.6144578313253,101.04819277108433,119.6144578313253
9480533,101.10975609756098,119.57317073170732,101.10975609756098,119.57317073170732
9506133,101.7,119.5,101.04819277108433,119.6144578313253
9523200,100.98809523809524,119.58333333333333,100.98809523809524,119.58333333333333
9574400,101.10975609756098,119.57317073170732,105.0,119.66666666666667
9591466,112.14814814814815,115.07407407407408,113.77876106194691,114.53982300884955
9634133,101.04819277108433,119.6144578313253,101.04819277108433,119.6144578313253
9651200,101.10975609756098,119.57317073170732,106.0,122.0
9702400,101.04819277108433,119.6144578313253,101.04819277108433,119.6144578313253
9745066,101.04819277108433,119.6144578313253,101.04819277108433,119.6144578313253
9787733,101.10975609756098,119.57317073170732,101.10975609756098,119.57317073170732
9804800,101.04819277108433,119.6144578313253,105.0,123.0
9847466,101.04819277108433,119.6144578313253,105.5,122.5
9873066,101.04819277108433,119.6144578313253,101.04819277108433,119.6144578313253
9915733,100.98809523809524,119.58333333333333,105.0,123.0
9932800,101.04819277108433,119.6144578313253,101.04819277108433,119.6144578313253
9975466,101.10975609756098,119.57317073170732,101.10975609756098,119.57317073170732
9992533,101.04819277108433,119.6144578313253,101.04819277108433,119.6144578313253
10043733,100.7012987012987,119.6103896103896,101.04819277108433,119.6144578313253
10060800,101.10975609756098,119.57317073170732,106.0,122.0
10103466,100.98809523809524,119.58333333333333,105.0,122.5
10146133,100.98809523809524,119.58333333333333,104.0,123.0
10197333,100.93827160493827,119.54320987654322,101.04819277108433,119.6144578313253
10214400,100.98809523809524,119.58333333333333,100.98809523809524,119.58333333333333
10257066,100.98809523809524,119.58333333333333,100.5,123.0
10274133,101.10975609756098,119.57317073170732,101.10975609756098,119.57317073170732
10316800,101.04819277108433,119.6144578313253,101.04819277108433,119.6144578313253
10368000,101.04819277108433,119.6144578313253,101.04819277108433,119.6144578313253
10385066,101.04819277108433,119.6144578313253,103.41666666666667,118.66666666666667
10427733,101.04819277108433,119.6144578313253,101.04819277108433,119.6144578313253
10444800,112.14814814814815,115.07407407407408,139.40625,104.15625
10461866,101.10975609756098,119.57317073170732,101.10975609756098,119.57317073170732
10487466,101.10975609756098,119.57317073170732,106.0,122.0
10555733,101.10975609756098,119.57317073170732,101.10975609756098,119.57317073170732
10589866,101.16867469879519,119.53012048192771,105.14285714285714,119.85714285714286
10615466,101.16867469879519,119.53012048192771,105.53846153846153,119.3076923076923
10632533,101.16867469879519,119.53012048192771,101.16867469879519,119.53012048192771
10683733,101.16867469879519,119.53012048192771,101.16867469879519,119.53012048192771
10700800,101.16867469879519,119.53012048192771,105.5,119.0
10743466,101.14814814814815,119.61728395061728,101.14814814814815,119.61728395061728
10786133,100.53521126760563,119.70422535211267,101.14814814814815,119.61728395061728
10803200,101.48684210526316,119.59210526315789,0,0
10837333,101.51515151515152,119.9090909090909,101.51515151515152,119.9090909090909
10871466,101.45283018867924,119.83018867924528,101.45283018867924,119.83018867924528
10897066,149.0,100.0,0,0
10956800,0,0,0,0
10982400,0,0,0,0
11025066,0,0,0,0
11042133,0,0,0,0
11084800,0,0,0,0
11101866,0,0,0,0
11153066,0,0,0,0
11170133,0,0,0,0
11212800,0,0,0,0
11229866,0,0,0,0
11272533,0,0,0,0
11306666,0,0,0,0
11366400,0,0,0,0
11383466,0,0,0,0
11426133,0,0,0,0
11426133,0,0,0,0
11494400,0,0,0,0
11511466,0,0,0,0
11554133,0,0,0,0
11571200,0,0,0,0
11596800,0,0,0,0
11648000,0,0,0,0
11665066,0,0,0,0
11707733,0,0,0,0
11741866,0,0,149.0,101.0
11767466,0,0,0,0
11810133,0,0,0,0
11835733,0,0,0,0
11869866,0,0,0,0
11895466,0,0,0,0
11946666,0,0,0,0
11980800,0,0,0,0
12006400,151.0,103.0,151.0,103.0
12023466,152.0,104.0,0,0
12066133,0,0,153.0,105.0
12117333,154.0,107.0,154.0,107.0
12151466,155.57142857142858,108.57142857142857,155.57142857142858,108.57142857142857
12194133,157.0,111.0,0,0
12211200,159.0,113.0,159.0,113.0
12262400,160.5,115.0,160.5,115.0
12288000,0,0,0,0
12322133,163.0,120.0,163.0,120.0
12347733,6.990783410138249,31.668202764976957,1.9166666666666667,1.9166666666666667
12381866,31.25619834710744,36.28099173553719,25.354497354497354,5.830687830687831
12381866,60.04365079365079,47.12698412698413,56.69230769230769,22.058823529411764
12450133,83.1390977443609,55.42857142857143,79.27876106194691,35.96017699115044
12475733,100.1263940520446,56.25278810408922,94.50236966824644,41.59241706161137
12509866,113.58712121212122,55.80681818181818,107.06508875739645,51.40236686390533
12535466,125.74242424242425,53.34090909090909,116.74766355140187,54.12149532710281
12586666,137.0772200772201,53.87258687258687,121.58571428571429,123.61428571428571
12603733,146.53070175438597,56.56578947368421,120.43396226415095,158.0566037735849
12646400,157.4417670682731,52.19277108433735,139.6864406779661,64.65254237288136
12680533,171.27927927927928,46.4954954954955,153.60655737704917,41.131147540983605
12706133,192.32460732984293,31.10994764397906,177.76666666666668,3.6083333333333334
12723200,204.5625,33.375,189.82666666666665,4.7
12774400,215.4438202247191,35.50561797752809,199.61963190184048,6.779141104294479
12817066,224.97206703910615,38.3072625698324,208.6024844720497,9.850931677018634
12834133,233.5568181818182,40.51136363636363,216.4774193548387,13.658064516129032
12851200,241.38728323699422,44.49132947976879,223.74522292993632,17.777070063694268
12902400,248.57803468208093,48.346820809248555,231.12,21.753333333333334
12928000,255.0248447204969,52.254658385093165,236.49324324324326,26.39189189189189
12987733,260.77245508982037,56.724550898203596,240.1208053691275,32.85906040268456
13004800,265.9936305732484,61.93630573248408,244.14666666666668,38.9
13047466,270.28387096774196,66.43870967741935,248.52447552447552,44.04195804195804
13073066,273.6830985915493,71.07042253521126,251.27891156462584,50.08163265306123
13115733,277.0753424657534,76.04109589041096,253.99328859060404,56.07382550335571
13149866,281.4592592592593,80.47407407407407,257.31111111111113,61.525925925925925
13175466,284.5338345864662,85.45864661654136,260.5,66.5
13226666,286.66906474820144,90.88489208633094,263.38345864661653,71.3984962406015
13243733,288.76335877862596,96.52671755725191,266.5985401459854,75.03649635036497
13286400,290.60283687943263,101.95744680851064,270.21311475409834,78.42622950819673
13303466,291.3259259259259,107.76296296296296,274.1138211382114,81.54471544715447
13346133,290.0230769230769,113.04615384615384,276.9344262295082,86.26229508196721
13363200,288.66423357664235,118.88321167883211,278.9344262295082,91.26229508196721
13414400,287.3720930232558,124.48062015503876,280.4153846153846,96.5
13457066,283.72661870503595,130.79856115107913,280.96153846153845,102.13076923076923
13491200,280.6159420289855,136.7826086956522,280.5,108.5
13491200,277.0,142.8041958041958,279.0,115.0
13542400,272.6439393939394,149.3560606060606,276.1746031746032,121.88888888888889
13568000,265.65625,155.4375,271.9593495934959,128.3739837398374
13602133,258.0413223140496,161.71900826446281,267.1031746031746,135.04761904761904
13644800,251.4296875,169.515625,264.42857142857144,143.41071428571428
13661866,245.04132231404958,177.28099173553719,263.5233644859813,154.55140186915887
13687466,237.5,183.67857142857142,259.5769230769231,164.08653846153845
13730133,228.45714285714286,190.03809523809525,253.3578947368421,172.54736842105262
13772800,218.0,197.0,246.41489361702128,183.41489361702128
13815466,206.5,203.5,238.31521739130434,195.42391304347825
13832533,194.59782608695653,209.40217391304347,228.5,205.5
13883733,184.32608695652175,214.5,218.94871794871796,213.94871794871796
13900800,174.0,218.7093023255814,209.0,222.0
13943466,164.68085106382978,223.40425531914894,200.0,229.0
13960533,157.0,227.0,191.5,235.61290322580646
14003200,150.38144329896906,230.95876288659792,185.1358024691358,241.55555555555554
14037333,143.4516129032258,235.36559139784947,178.05263157894737,246.96052631578948
14071466,136.31521739130434,239.42391304347825,171.03947368421052,251.05263157894737
14114133,128.72527472527472,243.52747252747253,163.89333333333335,254.2
14131200,122.30434782608695,247.67391304347825,156.94871794871796,257.05128205128204
14182400,115.54838709677419,252.36559139784947,150.1578947368421,259.05263157894734
14225066,109.5,255.67391304347825,143.85526315789474,258.85526315789474
14242133,104.32608695652173,259.5,137.5,256.9
14284800,101.77173913043478,262.9891304347826,131.55421686746988,255.03614457831324
14301866,97.0,267.5,124.85526315789474,252.14473684210526
14327466,96.02173913043478,271.2282608695652,117.72527472527473,250.47252747252747
14395733,96.34905660377359,273.74528301886795,112.63440860215054,250.4516129032258
14412800,96.15151515151516,278.030303030303,108.46236559139786,250.5483870967742
14455466,98.04705882352941,281.3176470588235,103.97115384615384,250.95192307692307
14455466,99.5,286.0,99.35,251.9
14506666,100.95294117647059,286.7529411764706,94.04629629629629,253.02777777777777
14523733,102.95,286.05,87.96551724137932,255.6551724137931
14600533,105.52747252747253,285.27472527472526,84.41489361702128,261.5851063829787
14626133,108.52577319587628,284.9484536082474,84.58510638297872,267.4148936170213
14643200,111.27472527472527,284.5274725274725,86.44705882352942,273.0352941176471
14677333,114.41818181818182,282.5,90.24444444444444,277.5777777777778
14711466,120.18260869565218,282.4782608695652,96.5,281.0
14737066,128.54368932038835,283.86407766990294,104.0,282.8987341772152
14771200,137.4313725490196,284.1862745098039,112.5,284.0
14796800,147.08823529411765,284.4313725490196,121.55421686746988,284.86746987951807
14848000,157.04950495049505,283.53465346534654,131.4047619047619,285.0833333333333
14865066,167.51041666666666,282.59375,141.94871794871796,285.94871794871796
14907733,178.58510638297872,281.4148936170213,153.05128205128204,286.05128205128204
14941866,190.57608695652175,280.3152173913044,165.05128205128204,286.05128205128204
14967466,203.5483870967742,278.36559139784947,178.0,286.0
15010133,216.57608695652175,276.3152173913044,191.05128205128204,285.05128205128204
15052800,230.33333333333334,273.6,204.0731707317073,282.5609756097561
15069866,243.5287356321839,270.44827586206895,217.5,281.1707317073171
15112533,256.2077922077922,267.0,230.0,279.0
15163733,269.0,263.8987341772152,242.5,276.5
15180800,281.05128205128204,259.94871794871796,254.05128205128204,273.05128205128204
15223466,293.0,255.39285714285714,265.94871794871796,269.05128205128204
15240533,304.4,250.33333333333334,276.90909090909093,264.8961038961039
15266133,315.13253012048193,245.44578313253012,287.1038961038961,259.90909090909093
15317333,326.0,241.0,297.44444444444446,254.8641975308642
15351466,336.5,236.67391304347825,307.1578947368421,249.05263157894737
15394133,347.3191489361702,233.40425531914894,317.0,243.0
15411200,356.36559139784947,229.5483870967742,325.8,236.89333333333335
15436800,364.59574468085106,226.5,333.8,229.89333333333335
15488000,372.63440860215053,223.5483870967742,341.1578947368421,223.05263157894737
15522133,380.0,221.5,349.05128205128204,216.05128205128204
15564800,387.0,220.5,356.94871794871796,209.94871794871796
15581866,393.0,218.5,364.62068965517244,202.367816091954
15607466,398.5,217.6,373.6,193.66666666666666
15633066,403.0,216.5,383.5,185.67391304347825
15675733,406.0,215.5,390.3152173913044,182.42391304347825
15692800,406.6777777777778,216.67777777777778,395.2828282828283,181.05050505050505
15735466,406.36559139784947,219.4516129032258,399.0,181.89247311827958
15786666,404.4470588235294,222.96470588235294,400.5851063829787,184.58510638297872
15820800,400.46067415730334,228.5505617977528,401.36559139784947,190.4516129032258
15846400,395.0352941176471,235.5529411764706,400.67391304347825,198.5
15880533,388.5,243.4,400.0,208.5
15906133,381.3626373626374,251.54945054945054,397.42857142857144,219.98979591836735
15957333,373.94871794871796,259.05128205128204,393.4516129032258,231.36559139784947
15974400,366.04819277108436,266.34939759036143,389.2795698924731,243.5483870967742
16017066,357.5,274.8857142857143,383.3838383838384,256.949494949495
16034133,349.4492753623188,285.05797101449275,376.01162790697674,270.3953488372093
16076800,341.5,295.8857142857143,368.5,283.0
16102400,332.8933333333333,305.8,360.0,295.0
16145066,323.2,315.1066666666667,351.0,306.0
16162133,313.5,324.8857142857143,341.4578313253012,316.12048192771084
16221866,303.14864864864865,333.05405405405406,331.5,325.5
16247466,293.14864864864865,340.94594594594594,322.0,334.0
16290133,284.9066666666667,348.0933333333333,313.5813953488372,340.4186046511628
16315733,276.8933333333333,352.8,305.9146341463415,344.4878048780488
16349866,269.5,355.5,298.8961038961039,346.987012987013
16375466,265.0,359.0,293.55555555555554,348.1358024691358
16392533,263.5492957746479,362.943661971831,291.012987012987,349.1038961038961
16443733,266.12345679012344,364.58024691358025,290.94736842105266,350.8421052631579
16486400,267.0,368.0,291.94871794871796,350.94871794871796
16520533,269.05128205128204,368.05128205128204,292.5952380952381,347.9166666666667
16546133,271.05128205128204,367.05128205128204,291.4047619047619,341.0833333333333
16546133,273.94871794871796,366.94871794871796,290.0,336.60714285714283
16614400,278.0,365.0,290.0352941176471,331.4470588235294
16631466,283.4578313253012,361.12048192771084,291.9647058823529,325.4470588235294
16691200,288.8958333333333,351.9583333333333,293.5121951219512,318.9146341463415
16691200,291.44444444444446,350.34444444444443,295.4516129032258,312.36559139784947
16742400,251.05161290322582,293.23225806451615,296.6707317073171,305.9146341463415
16785066,218.98863636363637,260.6136363636364,262.1764705882353,272.83193277310926
16802133,218.19653179190752,256.9017341040462,220.45505617977528,237.53370786516854
16844800,217.08982035928145,252.5808383233533,249.58333333333334,254.57575757575756
16861866,258.13675213675214,284.3931623931624,227.96969696969697,235.79393939393938
16913066,220.3450292397661,248.3684210526316,247.25563909774436,244.95488721804512
16930133,235.640243902439,257.6890243902439,236.93125,236.08125
16972800,295.3,298.03636363636366,232.140350877193,230.62573099415204
17015466,232.51136363636363,246.91477272727272,318.2061855670103,275.8453608247423
17032533,236.2093023255814,248.40116279069767,307.04273504273505,265.6068376068376
17083733,241.66091954022988,249.3505747126437,320.59090909090907,270.6545454545454
17100800,279.80689655172415,273.3448275862069,267.3764705882353,242.55882352941177
17143466,250.55747126436782,251.82183908045977,325.5983606557377,269.844262295082
17186133,296.2086330935252,269.1294964028777,279.8187134502924,246.4795321637427
17203200,299.22360248447205,269.19875776397515,280.2814371257485,245.88023952095807
17254400,262.4859813084112,246.07943925233644,296.68823529411765,252.5235294117647
17271466,330.3945578231293,282.2857142857143,289.23655913978496,248.5
17314133,269.35051546391753,249.8762886597938,329.5974025974026,267.59090909090907
17331200,275.9362745098039,253.0392156862745,406.7456140350877,305.2368421052632
17382400,282.910447761194,260.03980099502485,427.64864864864865,319.3873873873874
17425066,288.73399014778323,264.51231527093597,436.04545454545456,326.6909090909091
17467733,301.89302325581394,270.6511627906977,388.4852941176471,304.8897058823529
17484800,300.2171717171717,273.510101010101,449.6747967479675,340.6666666666667
17501866,379.0839160839161,322.87412587412587,340.0918918918919,286.02162162162165
17527466,347.8862275449102,306.76646706586826,353.77966101694915,297.38418079096044
17570133,321.41206030150755,293.9396984924623,525.066037735849,400.7358490566038
17612800,306.5482233502538,284.6751269035533,528.1274509803922,412.3235294117647
17655466,330.10869565217394,307.64130434782606,373.0112359550562,325.24719101123594
17655466,406.69924812030075,366.0375939849624,373.6630434782609,332.3152173913044
17706666,332.8756218905473,318.8557213930348,523.991304347826,442.54782608695655
17723733,327.0054054054054,320.47027027027025,518.1559633027523,449.48623853211006
17766400,341.8872549019608,338.3627450980392,565.3469387755102,497.8265306122449
17800533,329.7715736040609,331.6954314720812,564.92,512.18
17843200,443.4850746268657,435.0820895522388,397.4022346368715,389.75418994413405
17877333,359.94444444444446,374.54040404040404,614.939393939394,581.5454545454545
17911466,358.8128078817734,377.3448275862069,626.09,606.42
17937066,361.2761904761905,385.7047619047619,572.0185185185185,570.9907407407408
17971200,355.7920792079208,384.63366336633663,535.5528455284552,547.5772357723578
18022400,415.03105590062114,451.8074534161491,433.953216374269,461.05263157894734
18048000,388.7105263157895,433.69473684210527,411.9945054945055,446.84615384615387
18082133,366.2857142857143,412.7857142857143,564.9508196721312,607.155737704918
18107733,388.3062200956938,446.7464114832536,624.4454545454546,679.3
18124800,381.0845771144279,445.4577114427861,580.8166666666667,646.8916666666667
18167466,422.5392670157068,498.0052356020942,427.8764705882353,494.1235294117647
18210133,386.5485436893204,468.18932038834953,596.0695652173913,690.8
18252800,371.76525821596243,455.8732394366197,593.1217391304348,704.9652173913043
18295466,386.2488038277512,487.74162679425837,590.9652173913043,718.295652173913
18295466,380.8605769230769,490.0144230769231,632.0192307692307,784.4230769230769
18346666,371.0098039215686,486.77450980392155,642.4895833333334,817.40625
18380800,367.0904977375566,490.00904977375563,632.265306122449,824.7857142857143
18423466,379.78504672897196,521.0373831775701,527.9214285714286,688.8857142857142
18440533,444.8313953488372,621.8081395348837,436.9548387096774,599.5806451612904
18466133,460.3312101910828,666.7898089171974,393.7142857142857,551.0628571428572
18483200,362.48130841121497,528.9626168224299,580.2222222222222,844.6388888888889
18534400,363.0409090909091,546.8909090909091,484.984,725.28
18551466,361.01395348837207,563.1581395348837,591.5346534653465,922.049504950495
18611200,353.6666666666667,564.6565656565657,389.42424242424244,609.8969696969697
18636800,419.13142857142856,701.1657142857143,379.0271739130435,611.3152173913044
18688000,358.3229166666667,609.6197916666666,385.3333333333333,645.7345679012345
18705066,334.12442396313367,592.6129032258065,382.22289156626505,662.843373493976
18747733,326.92660550458714,600.5871559633027,496.2818181818182,925.3181818181819
18764800,316.52232142857144,598.34375,435.94262295081967,835.827868852459
18807466,307.8341013824885,606.2903225806451,501.7169811320755,1028.5
18833066,292.8479262672811,590.1428571428571,458.8181818181818,977.2561983471074
18875733,297.35087719298247,639.7412280701755,443.93220338983053,994.1355932203389
18892800,282.54430379746833,620.6160337552743,385.5735294117647,887.9485294117648
18935466,327.4342857142857,803.3714285714286,305.9191919191919,701.7222222222222
18952533,270.4595744680851,660.3148936170213,407.83898305084745,1082.677966101695
19020800,255.3744855967078,632.8477366255144,326.9673202614379,873.5686274509804
19046400,246.7991452991453,640.2264957264957,345.39230769230767,1008.876923076923
19080533,240.13080168776372,657.8987341772151,306.9530201342282,923.7919463087248
19123200,259.3370786516854,781.6011235955057,253.3673469387755,745.6071428571429
19157333,249.34594594594594,796.2810810810811,238.5148514851485,728.0891089108911
19191466,215.28205128205127,655.3803418803419,290.88429752066116,1095.5537190082644
19217066,219.41626794258374,713.1291866028708,223.05789473684212,758.5315789473684
19251200,201.02714932126696,628.7285067873303,214.28342245989305,759.7540106951872
19251200,193.72961373390558,604.4592274678112,238.1782945736434,1015.6511627906976
19302400,188.1095890410959,607.8310502283105,228.98373983739836,1017.8943089430894
19362133,183.72350230414747,598.7880184331797,213.536,951.768
19387733,180.4235807860262,573.5371179039302,207.27118644067798,957.0593220338983
19404800,176.98611111111111,584.2685185185185,208.03703703703704,1031.9537037037037
19447466,173.31578947368422,546.8995215311005,189.38524590163934,878.5327868852459
19473066,171.13270142180096,539.3222748815166,186.76146788990826,900.4495412844037
19515733,168.76616915422886,533.9253731343283,186.83673469387756,931.295918367347
19549866,168.18840579710144,499.9806763285024,187.53763440860214,961.5483870967741
19575466,167.04950495049505,481.4059405940594,172.3684210526316,740.7894736842105
19592533,165.87434554973822,488.0314136125655,178.89719626168224,818.9065420560747
19643733,176.95569620253164,560.1075949367089,160.23076923076923,539.2692307692307
19660800,166.84895833333334,465.5885416666667,189.8,717.7454545454545
19703466,167.55555555555554,433.23280423280426,178.4368932038835,697.1067961165048
19720533,169.26455026455025,429.12698412698415,187.36666666666667,755.8
19763200,172.80310880829015,440.6269430051814,166.9805194805195,504.54545454545456
19814400,173.5625,407.1354166666667,194.77319587628867,722.7010309278351
19857066,175.52173913043478,407.3097826086956,192.14851485148515,637.9306930693069
19874133,177.59016393442624,408.57377049180326,216.14473684210526,772.1447368421053
19916800,179.26111111111112,396.0444444444444,200.11650485436894,608.7184466019418
19942400,181.03804347826087,377.6902173913044,215.82692307692307,580.7403846153846
19985066,182.42105263157896,367.09473684210525,234.51470588235293,718.8823529411765
20002133,182.6,353.7352941176471,191.47794117647058,460.9852941176471
20044800,182.89080459770116,340.36206896551727,236.71621621621622,635.4324324324324
20061866,196.77551020408163,356.2108843537415,188.13513513513513,400.55405405405406
20087466,187.51704545454547,321.09659090909093,220.51685393258427,506.19101123595505
20155733,190.15606936416185,323.8265895953757,238.40579710144928,548.5797101449275
20172800,191.96428571428572,323.1607142857143,254.10294117647058,573.0
20215466,217.6,356.3652173913043,192.7357142857143,357.92857142857144
20232533,194.37724550898204,309.7125748502994,255.12698412698413,527.6825396825396
20266666,192.0062111801242,294.99378881987576,259.3709677419355,519.0806451612904
20300800,222.08,341.7,194.8450704225352,334.59154929577466
20343466,187.58282208588957,271.9877300613497,280.5,536.5
20386133,192.11180124223603,276.2857142857143,259.44444444444446,471.015873015873
20403200,218.62295081967213,316.22131147540983,196.5944055944056,316.68531468531467
20437333,193.0062893081761,267.82389937106916,207.97457627118644,335.43220338983053
20471466,191.33139534883722,255.87790697674419,223.6021505376344,361.505376344086
20497066,209.72268907563026,284.38655462184875,193.75886524822695,294.79432624113474
20531200,187.6867469879518,247.10843373493975,233.95180722891567,367.2530120481928
20556800,185.56069364161849,239.8092485549133,263.88235294117646,420.4117647058824
20608000,182.61490683229815,239.3167701863354,244.46052631578948,380.13157894736844
20642133,200.31060606060606,255.0,132.84615384615384,174.67948717948718
20684800,181.3945945945946,235.52972972972972,133.0,178.0
20701866,187.78358208955223,242.30597014925374,132.6184210526316,174.48684210526315
20753066,171.8294117647059,221.45294117647057,134.0,177.22222222222223
20770133,166.5,161.68333333333334,132.96296296296296,174.45679012345678
20812800,176.9064748201439,238.79136690647482,184.22448979591837,269.0
20829866,165.7173913043478,209.9391304347826,182.3978494623656,266.60215053763443
20872533,156.9025641025641,198.08205128205128,176.07608695652175,257.04347826086956
20906666,153.71162790697673,189.45581395348836,159.4787234042553,229.9787234042553
20940800,148.47906976744187,180.88372093023256,151.46226415094338,216.88679245283018
20983466,142.72906403940885,173.36453201970443,143.41489361702128,206.58510638297872
21000533,135.5980861244019,165.4928229665072,132.0326086956522,190.05434782608697
21026133,131.01360544217687,147.9591836734694,120.47524752475248,174.22772277227722
21094400,116.34722222222223,135.45138888888889,108.1743119266055,159.08256880733944
21111466,111.44705882352942,129.07647058823528,95.990990990991,145.00900900900902
21154133,102.19024390243902,119.24878048780488,82.41129032258064,130.5483870967742
21171200,98.89454545454545,116.42545454545454,68.70731707317073,118.02439024390245
21196800,84.44964028776978,116.90647482014388,77.92655367231639,124.63841807909604
21248000,71.26402640264027,99.58085808580859,76.5953488372093,122.68372093023255
21265066,73.50106157112526,98.51592356687898,37.05769230769231,83.9551282051282
21307733,53.11641791044776,73.53731343283582,51.301435406698566,94.48325358851675
21324800,62.88120950323974,81.70842332613391,15.480446927374302,57.720670391061454
21367466,76.08125,89.525,81.25,120.05263157894737
21393066,77.93016759776536,85.85754189944134,131.6140350877193,174.78947368421052
21452800,84.30952380952381,93.97222222222223,132.61904761904762,175.9047619047619
21469866,76.8996138996139,85.27413127413128,132.77777777777777,177.77777777777777
21512533,80.15625,78.59375,133.03947368421052,174.68421052631578
21546666,74.32467532467533,95.01298701298701,133.8,174.28571428571428
21580800,132.93975903614458,174.3734939759036,129.5,177.5
21606400,133.0,174.41463414634146,134.8,175.5
21640533,133.0,174.41463414634146,133.0,174.41463414634146
21666133,133.0,174.41463414634146,133.0,174.41463414634146
21717333,133.0,174.41463414634146,133.23076923076923,175.8846153846154
21734400,133.0,174.41463414634146,132.1044776119403,174.50746268656715
21777066,133.0,174.41463414634146,133.0,174.41463414634146
21794133,131.56363636363636,174.05454545454546,131.56363636363636,174.05454545454546
21862400,0,0,0,0
21888000,0,0,0,0
21922133,0,0,0,0
21947733,0,0,0,0
21981866,0,0,0,0
21981866,0,0,0,0
22033066,0,0,0,0
22075733,189.0,154.0,189.0,154.0
22109866,189.0,154.0,0,0
22135466,189.0,154.0,0,0
22152533,189.0,154.0,0,0
22203733,189.0,154.0,0,0
22246400,188.5,153.5,188.5,153.5
22280533,188.0,153.0,188.0,153.0
22306133,188.0,153.0,188.0,153.0
22357333,187.0,152.0,187.0,152.0
22374400,0,0,0,0
22417066,186.0,151.0,0,0
22434133,185.5,151.0,185.5,151.0
22476800,185.0,151.0,185.0,151.0
22502400,185.42857142857142,150.42857142857142,185.42857142857142,150.42857142857142
22545066,185.0,151.0,0,0
22562133,185.0,151.0,0,0
22604800,185.57142857142858,150.57142857142858,0,0
22621866,185.5,151.0,185.5,151.0
22690133,0,0,0,0
22715733,186.0,151.0,0,0
22749866,0,0,0,0
22775466,187.0,151.5,0,0
22792533,0,0,0,0
22843733,188.42857142857142,152.42857142857142,0,0
22886400,189.0,153.0,0,0
22920533,0,0,0,0
22946133,191.0,155.0,191.0,155.0
22946133,192.0,155.0,0,0
22997333,192.57142857142858,155.57142857142858,0,0
23031466,193.0,156.0,0,0
23074133,193.0,156.0,0,0
23116800,193.0,156.0,193.0,156.0
23142400,193.0,156.0,0,0
23185066,193.0,156.0,0,0
23202133,193.5,155.5,0,0
23244800,193.0,156.0,0,0
23261866,193.42857142857142,155.42857142857142,193.42857142857142,155.42857142857142
23313066,193.5,155.0,193.5,155.0
23330133,193.5,155.0,193.5,155.0
23372800,193.57142857142858,154.57142857142858,0,0
23389866,193.57142857142858,154.57142857142858,0,0
23432533,193.5,155.0,0,0
23483733,193.5,155.0,193.57142857142858,154.57142857142858
23526400,193.5,155.0,194.0,152.0
23543466,193.5,155.0,0,0
23586133,193.5,155.0,0,0
23603200,192.57142857142858,154.57142857142858,0,0
23654400,192.5,154.5,194.0,153.5
23671466,192.0,154.0,0,0
23714133,191.5,153.5,0,0
23731200,190.0,152.0,0,0
23756800,188.0,151.0,0,0
23808000,186.0,148.5,0,0
23842133,184.0,146.0,0,0
23884800,182.42857142857142,143.42857142857142,0,0
23901866,181.0,140.0,0,0
23927466,179.5,138.0,0,0
23970133,0,0,0,0
23995733,0,0,0,0
24029866,0,0,0,0
24072533,0,0,0,0
24106666,0,0,0,0
24140800,176.0,135.0,0,0
24166400,0,0,0,0
24200533,0,0,0,0
24226133,0,0,0,0
24294400,177.0,133.0,0,0
24311466,177.0,133.0,0,0
24354133,0,0,0,0
24371200,177.0,132.0,0,0
24422400,178.0,132.0,0,0
24448000,0,0,0,0
24482133,179.0,131.0,179.0,131.0
24507733,0,0,0,0
24541866,180.0,131.0,0,0
24541866,0,0,0,0
24593066,180.42857142857142,130.42857142857142,0,0
24635733,0,0,0,0
24695466,181.0,130.0,0,0
24695466,181.0,129.5,0,0
24746666,0,0,0,0
24763733,181.5,129.0,0,0
24806400,181.5,129.0,0,0
24840533,181.5,129.0,0,0
24866133,181.5,129.0,0,0
24917333,182.0,129.0,182.0,129.0
24934400,0,0,0,0
24977066,182.0,129.0,182.0,129.0
24994133,182.0,129.0,0,0
25036800,181.5,129.0,0,0
25088000,181.5,129.0,0,0
25122133,0,0,0,0
25147733,181.0,129.0,0,0
25181866,181.0,129.0,0,0
25207466,181.0,129.0,181.0,129.0
25250133,181.0,128.5,0,0
25275733,180.5,128.0,0,0
25309866,180.0,128.0,180.0,128.0
25335466,179.0,128.0,0,0
25352533,0,0,0,0
25403733,0,0,0,0
25446400,0,0,0,0
25480533,0,0,0,0
25506133,169.5,124.0,0,0
25523200,168.0,123.5,0,0
25574400,167.0,123.375,0,0
25591466,166.57142857142858,122.57142857142857,169.0,123.0
25651200,166.4390243902439,122.92682926829268,0,0
25651200,166.4390243902439,122.92682926829268,0,0
25702400,141.0,133.5,0,0
25728000,143.0,132.46153846153845,0,0
25762133,138.9090909090909,134.45454545454547,0,0
25804800,143.86363636363637,132.8181818181818,0,0
25821866,144.3181818181818,132.8181818181818,167.90322580645162,123.58064516129032
25873066,116.5,144.0,159.0,126.5
25915733,117.0,144.0,0,0
25932800,0,0,0,0
25975466,0,0,0,0
25992533,0,0,0,0
26043733,0,0,0,0
26086400,0,0,0,0
26103466,0,0,0,0
26146133,0,0,0,0
26163200,0,0,0,0
26214400,0,0,0,0
26231466,0,0,0,0
26274133,0,0,0,0
26291200,0,0,0,0
26368000,0,0,0,0
26385066,169.0,124.0,0,0
26427733,169.0,124.0,169.0,124.0
26444800,0,0,0,0
26461866,0,0,0,0
26487466,169.5,124.0,0,0
26530133,169.5,124.0,0,0
26572800,170.0,124.0,0,0
26615466,169.5,124.0,0,0
26615466,169.5,124.0,167.0,124.0
26666666,169.0,124.0,0,0
26700800,168.5,123.5,0,0
26743466,167.0731707317073,122.5609756097561,0,0
26760533,165.4390243902439,121.92682926829268,0,0
26803200,163.5,120.5,0,0
26837333,161.4390243902439,119.92682926829268,0,0
26871466,158.5609756097561,119.07317073170732,0,0
26897066,156.06521739130434,117.93478260869566,0,0
26931200,0,0,0,0
26982400,0,0,0,0
27008000,0,0,0,0
27042133,0,0,0,0
27067733,144.5,113.5,0,0
27101866,142.57142857142858,113.42857142857143,0,0
27153066,141.0731707317073,112.5609756097561,144.0,115.0
27195733,140.0625,112.0625,0,0
27212800,138.9375,111.9375,0,0
27229866,138.0,111.5,0,0
27255466,137.0625,111.0625,0,0
27323733,136.8125,109.875,136.9375,111.0625
27340800,136.43396226415095,111.05660377358491,136.5,109.0
27383466,118.07692307692308,119.42307692307692,139.0,108.0
27400533,117.27272727272727,119.54545454545455,0,0
27426133,117.54444444444445,119.3,0,0
27443200,115.46428571428571,120.17857142857143,132.0,114.0
27511466,115.74698795180723,120.0,95.125,130.125
27554133,114.96774193548387,120.16129032258064,0,0
27571200,115.84,119.53,0,0
27596800,114.59375,120.34375,0,0
27648000,114.42105263157895,120.47368421052632,0,0
27665066,113.52475247524752,120.92079207920793,138.0,108.0
27707733,114.59375,120.34375,136.5,109.5
27724800,114.59375,120.34375,128.3783783783784,114.24324324324324
27767466,113.19642857142857,120.73214285714286,135.09677419354838,110.25806451612904
27810133,113.43243243243244,120.65765765765765,134.41860465116278,110.81395348837209
27835733,113.43243243243244,120.65765765765765,135.0,111.35714285714286
27869866,114.38095238095238,120.38095238095238,135.5,107.16666666666667
27912533,114.5377358490566,120.26415094339623,135.0,110.38095238095238
27946666,113.43243243243244,120.65765765765765,0,0
27980800,114.5377358490566,120.26415094339623,0,0
28006400,113.19642857142857,120.73214285714286,135.0,107.0
28040533,113.19642857142857,120.73214285714286,135.1904761904762,111.0
28066133,113.19642857142857,120.73214285714286,138.0,108.0
28117333,111.76271186440678,121.33050847457628,136.5,109.0
28134400,111.76271186440678,121.33050847457628,0,0
28177066,110.55357142857143,122.08928571428571,105.27272727272727,125.12121212121212
28211200,110.73451327433628,121.96460176991151,88.98305084745763,132.10169491525423
28236800,110.55357142857143,122.08928571428571,134.75,111.0
28288000,110.55357142857143,122.08928571428571,137.5,111.0
28322133,110.51754385964912,122.02631578947368,0,0
28347733,110.55357142857143,122.08928571428571,132.5,111.0
28381866,110.55357142857143,122.08928571428571,136.25,109.25
28407466,110.51754385964912,122.02631578947368,134.91666666666666,111.08333333333333
28433066,110.73451327433628,121.96460176991151,0,0
28475733,110.55357142857143,122.08928571428571,131.0,111.0
28509866,111.91666666666667,121.36111111111111,0,0
28535466,111.55660377358491,121.55660377358491,134.86486486486487,110.83783783783784
28552533,112.95,121.1,0,0
28603733,113.16161616161617,120.95959595959596,134.56603773584905,110.94339622641509
28620800,114.65957446808511,120.31914893617021,127.92857142857143,114.85714285714286
28663466,114.66666666666667,120.40625,0,0
28706133,111.32352941176471,121.94117647058823,135.0,111.0
28757333,112.24299065420561,121.42990654205607,0,0
28774400,113.25892857142857,120.78571428571429,0,0
28817066,112.0,121.5,138.0,111.0
28834133,112.0,121.5,135.0,108.0
28876800,113.19642857142857,120.73214285714286,135.0,108.0
28902400,113.03603603603604,120.84684684684684,134.25806451612902,111.09677419354838
28945066,111.74766355140187,121.3177570093458,0,0
28962133,114.47252747252747,119.97802197802197,0,0
29004800,114.65217391304348,119.84782608695652,0,0
29021866,117.59756097560975,118.54878048780488,0,0
29073066,117.83132530120481,118.49397590361446,0,0
29090133,116.27272727272727,119.1038961038961,0,0
29149866,118.45833333333333,118.29166666666667,136.0,109.5
29175466,134.06521739130434,110.93478260869566,0,0
29192533,134.06521739130434,110.93478260869566,134.0,112.0
29243733,134.5,110.5,0,0
29286400,134.06521739130434,110.93478260869566,0,0
29303466,134.06521739130434,110.93478260869566,131.0,111.0
29346133,134.43396226415095,110.84905660377359,135.63636363636363,112.63636363636364
29363200,134.0,110.87234042553192,134.0,111.0
29414400,134.0,110.87234042553192,0,0
29431466,134.43396226415095,110.84905660377359,0,0
29474133,134.06521739130434,110.93478260869566,0,0
29491200,134.0,110.87234042553192,0,0
29542400,134.3846153846154,110.78846153846153,0,0
29585066,134.06521739130434,110.93478260869566,134.27272727272728,110.72727272727273
29602133,134.4406779661017,110.45762711864407,0,0
29627733,134.06521739130434,110.93478260869566,0,0
29661866,134.0,110.87234042553192,0,0
29713066,134.4406779661017,110.45762711864407,135.125,111.1875
29730133,134.0,110.87234042553192,0,0
29772800,134.06521739130434,110.93478260869566,134.09677419354838,110.41935483870968
29789866,134.43396226415095,110.84905660377359,134.625,110.875
29832533,134.3846153846154,110.78846153846153,0,0
29866666,134.06521739130434,110.93478260869566,134.14285714285714,111.0
29900800,134.06521739130434,110.93478260869566,0,0
29943466,134.4406779661017,110.45762711864407,0,0
29986133,134.43396226415095,110.84905660377359,0,0
29986133,134.0,110.87234042553192,0,0
30037333,134.0,110.87234042553192,0,0
30071466,134.0,110.87234042553192,0,0
30114133,134.0,110.87234042553192,134.14285714285714,110.85714285714286
30131200,118.19718309859155,118.35211267605634,134.33333333333334,110.0
30156800,134.06521739130434,110.93478260869566,134.5,111.0
30208000,134.0731707317073,110.5609756097561,0,0
30225066,134.06521739130434,110.93478260869566,0,0
30284800,134.0,110.87234042553192,0,0
30301866,134.0,110.87234042553192,0,0
30327466,134.0,110.87234042553192,134.0,114.0
30370133,134.0,110.87234042553192,134.27272727272728,110.72727272727273
30395733,134.0,110.87234042553192,0,0
30429866,116.27272727272727,119.1038961038961,133.8125,111.75
30455466,118.19718309859155,118.35211267605634,134.5,111.0
30506666,134.06521739130434,110.93478260869566,134.5,111.0
30540800,116.27272727272727,119.1038961038961,0,0
30566400,134.0,110.87234042553192,0,0
30600533,134.06521739130434,110.93478260869566,132.5,112.5
30626133,134.43396226415095,110.84905660377359,134.14285714285714,111.0
30677333,134.0,110.87234042553192,134.09677419354838,110.41935483870968
30694400,134.0,110.87234042553192,134.0,114.0
30754133,116.27272727272727,119.1038961038961,0,0
30771200,134.06521739130434,110.93478260869566,134.42857142857142,111.42857142857143
30796800,134.0,110.87234042553192,0,0
30848000,134.06521739130434,110.93478260869566,0,0
30882133,134.0,110.87234042553192,0,0
30907733,134.0625,110.9375,134.5,109.0
30941866,134.06521739130434,110.93478260869566,0,0
30967466,134.0,110.87234042553192,0,0
31010133,134.0,110.87234042553192,134.0,110.87234042553192
31035733,134.0,110.87234042553192,0,0
31069866,134.06521739130434,110.93478260869566,0,0
31095466,134.06521739130434,110.93478260869566,0,0
31146666,134.06521739130434,110.93478260869566,0,0
31163733,134.06521739130434,110.93478260869566,0,0
31223466,134.06521739130434,110.93478260869566,0,0
31240533,134.0,110.87234042553192,134.1153846153846,110.88461538461539
31266133,134.0,110.87234042553192,135.5,112.5
31283200,134.0,110.87234042553192,0,0
31334400,134.06521739130434,110.93478260869566,0,0
31377066,134.0,110.87234042553192,133.59459459459458,111.24324324324324
31394133,134.06521739130434,110.93478260869566,0,0
31411200,134.06521739130434,110.93478260869566,0,0
31462400,134.06521739130434,110.93478260869566,134.06521739130434,110.93478260869566
31505066,134.06521739130434,110.93478260869566,0,0
31547733,134.06521739130434,110.93478260869566,0,0
31564800,134.06521739130434,110.93478260869566,0,0
31607466,134.06521739130434,110.93478260869566,0,0
31633066,134.0625,110.9375,0,0
31675733,134.0,110.87234042553192,134.0,111.5
31709866,134.06521739130434,110.93478260869566,134.5,113.0
31735466,134.06521739130434,110.93478260869566,132.5,112.5
31786666,134.0731707317073,110.5609756097561,134.0731707317073,110.5609756097561
31803733,134.06521739130434,110.93478260869566,0,0
31846400,134.43396226415095,110.84905660377359,0,0
31863466,134.0,110.87234042553192,0,0
31906133,134.0,110.87234042553192,0,0
31923200,134.0,110.87234042553192,0,0
31974400,134.0,110.87234042553192,134.0,111.0
32017066,134.0,110.87234042553192,0,0
32051200,134.06521739130434,110.93478260869566,135.5,112.5
32051200,134.06521739130434,110.93478260869566,0,0
32102400,134.0625,110.9375,137.0,108.0
32128000,134.06521739130434,110.93478260869566,134.0731707317073,110.5609756097561
32187733,134.06521739130434,110.93478260869566,134.0,111.0
32204800,134.43396226415095,110.84905660377359,0,0
32221866,134.0,110.87234042553192,0,0
32247466,134.0566037735849,110.56603773584905,0,0
32290133,134.0,110.87234042553192,0,0
32315733,134.0,110.87234042553192,134.0,110.87234042553192
32375466,134.0625,110.9375,0,0
32392533,134.0,110.87234042553192,0,0
32443733,134.0625,110.9375,0,0
32460800,134.06521739130434,110.93478260869566,137.0,111.0
32503466,134.06521739130434,110.93478260869566,135.5,112.5
32520533,134.0,110.87234042553192,0,0
32563200,134.0625,110.9375,0,0
32614400,134.0,110.87234042553192,134.0,111.375
32631466,116.27272727272727,119.1038961038961,0,0
32674133,118.63013698630137,118.15068493150685,0,0
32691200,134.06521739130434,110.93478260869566,134.5,111.0
32716800,134.0625,110.9375,135.5,112.5
32785066,134.06521739130434,110.93478260869566,134.0,114.0
32802133,134.0,110.87234042553192,0,0
32844800,134.0,110.87234042553192,134.0,114.0
32861866,134.06521739130434,110.93478260869566,0,0
32913066,134.0,110.87234042553192,0,0
32930133,134.0625,110.9375,134.5,111.5
32972800,134.0,110.87234042553192,0,0
33015466,134.06521739130434,110.93478260869566,137.0,111.0
33015466,134.06521739130434,110.93478260869566,134.14285714285714,111.0
33066666,134.06521739130434,110.93478260869566,134.0,114.0
33083733,134.06521739130434,110.93478260869566,137.0,110.5
33126400,134.0,110.87234042553192,0,0
33186133,134.0,110.87234042553192,134.0,110.87234042553192
33203200,134.0,110.87234042553192,134.0,110.87234042553192
33237333,134.0,110.87234042553192,134.0,114.0
33254400,134.0,110.87234042553192,0,0
33297066,134.12765957446808,111.0,134.0,111.5
33331200,134.06521739130434,110.93478260869566,135.5,112.5
33356800,134.06521739130434,110.93478260869566,134.0,114.0
33408000,134.0,110.87234042553192,0,0
33425066,134.0,110.87234042553192,0,0
33467733,134.0,110.87234042553192,131.0,111.0
33484800,134.5,110.5,0,0
33527466,134.0,110.87234042553192,134.0,114.0
33612800,134.0,110.87234042553192,134.5,113.0
33629866,134.0,110.87234042553192,134.5,113.0
33655466,116.27272727272727,119.1038961038961,0,0
33672533,134.0,110.87234042553192,134.0,114.0
33706666,134.06521739130434,110.93478260869566,0,0
33740800,116.07894736842105,119.25,134.06521739130434,110.93478260869566
33766400,134.0625,110.9375,0,0
33800533,118.19718309859155,118.35211267605634,111.5,121.5
33826133,134.0,110.87234042553192,134.5,111.0
33843200,134.0625,110.9375,0,0
33911466,134.0,110.87234042553192,0,0
33937066,134.0,110.87234042553192,135.5,112.5
33996800,116.07894736842105,119.25,132.9090909090909,109.36363636363636
34022400,116.07894736842105,119.25,132.9090909090909,109.36363636363636
34048000,118.19718309859155,118.35211267605634,118.19718309859155,118.35211267605634
34065066,118.19718309859155,118.35211267605634,135.33333333333334,111.0
34107733,118.19718309859155,118.35211267605634,118.19718309859155,118.35211267605634
34141866,116.27272727272727,119.1038961038961,0,0
34167466,116.07894736842105,119.25,135.5,109.5
34193066,134.0,110.87234042553192,0,0
34235733,116.27272727272727,119.1038961038961,0,0
34252800,134.06521739130434,110.93478260869566,134.0,114.0
34295466,114.4074074074074,119.85185185185185,0,0
34346666,134.0,110.87234042553192,0,0
34406400,134.0,110.87234042553192,0,0
34423466,134.0,110.87234042553192,0,0
34440533,134.06521739130434,110.93478260869566,134.06521739130434,110.93478260869566
34466133,134.06521739130434,110.93478260869566,135.5,112.5
34517333,134.0625,110.9375,135.63636363636363,112.63636363636364
34551466,134.0,110.87234042553192,133.93478260869566,110.93478260869566
34577066,134.0,110.87234042553192,134.0731707317073,111.29268292682927
34611200,134.0,110.87234042553192,0,0
34611200,134.06521739130434,110.93478260869566,134.06521739130434,110.93478260869566
34662400,134.06521739130434,110.93478260869566,0,0
34688000,134.0,110.87234042553192,134.0,114.0
34722133,134.0,110.87234042553192,0,0
34781866,134.06521739130434,110.93478260869566,134.08333333333334,110.91666666666667
34807466,134.06521739130434,110.93478260869566,134.08333333333334,110.91666666666667
34833066,134.06521739130434,110.93478260869566,0,0
34875733,134.0,110.87234042553192,0,0
34892800,134.0,110.87234042553192,0,0
34935466,134.06521739130434,110.93478260869566,134.0,114.0
34952533,134.0,110.87234042553192,134.5,110.5
35003733,134.06521739130434,110.93478260869566,134.0,108.0
35020800,134.0,110.87234042553192,0,0
35063466,134.0,110.87234042553192,0,0
35080533,134.06521739130434,110.93478260869566,137.0,111.0
35123200,134.06521739130434,110.93478260869566,0,0
35217066,134.0,110.87234042553192,133.90322580645162,110.41935483870968
35234133,134.0,110.87234042553192,133.90322580645162,110.41935483870968
35251200,134.0,110.87234042553192,0,0
35276800,134.06521739130434,110.93478260869566,134.06521739130434,110.93478260869566
35302400,134.06521739130434,110.93478260869566,134.0,114.0
35345066,134.0,110.87234042553192,135.5,112.5
35362133,134.06521739130434,110.93478260869566,134.14285714285714,110.85714285714286
35404800,134.06521739130434,110.93478260869566,0,0
35421866,134.0,110.87234042553192,0,0
35447466,134.06521739130434,110.93478260869566,135.5,112.5
35490133,134.0,110.87234042553192,0,0
35532800,134.06521739130434,110.93478260869566,0,0
35592533,134.0,110.87234042553192,134.0731707317073,111.29268292682927
35626666,134.0,110.87234042553192,134.0731707317073,111.29268292682927
35643733,134.06521739130434,110.93478260869566,134.5,108.0
35660800,134.06521739130434,110.93478260869566,137.0,111.0
35703466,134.0,110.87234042553192,137.0,108.0
35746133,134.06521739130434,110.93478260869566,0,0
35763200,134.06521739130434,110.93478260869566,134.08333333333334,110.91666666666667
35797333,134.0,110.87234042553192,134.0,110.87234042553192
35831466,134.06521739130434,110.93478260869566,134.06521739130434,110.93478260869566
35857066,134.0,110.87234042553192,134.0,112.0
35891200,134.0,110.87234042553192,134.0,114.0
35916800	134.06521739130434	110.93478260869566	134.06521739130434	110.93478260869566
36002133	134.0	110.87234042553192	0	0
36027733	134.0	110.87234042553192	0	0
36044800	134.06521739130434	110.93478260869566	131.0	111.0
36061866	134.06521739130434	110.93478260869566	0	0
36113066	134.06521739130434	110.93478260869566	134.0	114.0
36130133	134.06521739130434	110.93478260869566	134.1875	109.875
36172800	134.0	110.87234042553192	0	0
36189866	134.06521739130434	110.93478260869566	134.0	111.0
36215466	134.06521739130434	110.93478260869566	132.5	112.5
36283733	134.0	110.87234042553192	137.0	111.0
36300800	134.0	110.87234042553192	0	0
36343466	134.06521739130434	110.93478260869566	134.5	113.0
36386133	134.06521739130434	110.93478260869566	135.63636363636363	109.36363636363636
36437333	134.0	110.87234042553192	0	0
36471466	134.0	110.87234042553192	0	0
36497066	134.06521739130434	110.93478260869566	133.61290322580646	110.90322580645162
36514133	134.0	110.87234042553192	134.0	110.87234042553192
36531200	134.0	110.87234042553192	0	0
36556800	134.06521739130434	110.93478260869566	0	0
36608000	134.06521739130434	110.93478260869566	0	0
36625066	134.0	110.87234042553192	135.63636363636363	112.0909090909091
36684800	134.06521739130434	110.93478260869566	135.5	112.5
36701866	134.06521739130434	110.93478260869566	133.66666666666666	110.5
36727466	134.0	110.87234042553192	0	0
36795733	134.0	110.87234042553192	0	0
36829866	134.0	110.87234042553192	135.63636363636363	112.0909090909091
36855466	134.0	110.87234042553192	135.63636363636363	112.0909090909091
36872533	134.06521739130434	110.93478260869566	134.42857142857142	111.42857142857143
36906666	134.06521739130434	110.93478260869566	0	0
36940800	134.06521739130434	110.93478260869566	0	0
36966400	134.0	110.87234042553192	0	0
37000533	134.0	110.87234042553192	135.5	112.5
37026133	134.0731707317073	110.5609756097561	137.0	110.5
37077333	134.06521739130434	110.93478260869566	137.0	111.0
37094400	134.0	110.5	134.0	110.87234042553192
37137066	134.06521739130434	110.93478260869566	133.625	111.0
